FULL_ADDR,COUNTY,TOWN,VILLAGE,NEIGHBORHOOD,ROAD,SECTION,LANE,ALLEY,SUB_ALLEY,TONG,NUMBER,X,Y
屏東縣潮州鎮永春里15鄰光春路125巷1號,10013,1001302,1001302-013,15鄰,光春路,,125巷,,,,1號,120.53816220939,22.542269720327
屏東縣潮州鎮永春里24鄰光春路1號,10013,1001302,1001302-013,24鄰,光春路,,,,,,1號,120.53699511052,22.544993289456
屏東縣潮州鎮永春里15鄰光春路125巷2號,10013,1001302,1001302-013,15鄰,光春路,,125巷,,,,2號,120.53819841093,22.542171566459
屏東縣潮州鎮永春里19鄰光春路2號,10013,1001302,1001302-013,19鄰,光春路,,,,,,2號,120.53684537767,22.544820726791
屏東縣潮州鎮永春里24鄰光春路3號,10013,1001302,1001302-013,24鄰,光春路,,,,,,3號,120.53700794413,22.54493498586
屏東縣潮州鎮永春里15鄰光春路125巷3號,10013,1001302,1001302-013,15鄰,光春路,,125巷,,,,3號,120.53819912198,22.542279308879
屏東縣潮州鎮永春里15鄰光春路125巷4號,10013,1001302,1001302-013,15鄰,光春路,,125巷,,,,4號,120.53823482387,22.54218521754
屏東縣潮州鎮永春里24鄰光春路5號,10013,1001302,1001302-013,24鄰,光春路,,,,,,5號,120.53702071117,22.544896640675
屏東縣潮州鎮永春里15鄰光春路125巷5號,10013,1001302,1001302-013,15鄰,光春路,,125巷,,,,5號,120.53823892778,22.542295949943
屏東縣潮州鎮永春里15鄰光春路125巷6號,10013,1001302,1001302-013,15鄰,光春路,,125巷,,,,6號,120.53827658699,22.542197980862
屏東縣潮州鎮永春里24鄰光春路7號,10013,1001302,1001302-013,24鄰,光春路,,,,,,7號,120.53703105515,22.544856030754
屏東縣潮州鎮永春里19鄰光春路8號,10013,1001302,1001302-013,19鄰,光春路,,,,,,8號,120.53686716902,22.544700225115
屏東縣潮州鎮永春里24鄰光春路9號,10013,1001302,1001302-013,24鄰,光春路,,,,,,9號,120.53704431733,22.544814977678
屏東縣潮州鎮永春里19鄰光春路10號,10013,1001302,1001302-013,19鄰,光春路,,,,,,10號,120.53684392739,22.544672613527
屏東縣潮州鎮永春里24鄰光春路11號,10013,1001302,1001302-013,24鄰,光春路,,,,,,11號,120.5370732938,22.54478471676
屏東縣潮州鎮永春里24鄰光春路13號,10013,1001302,1001302-013,24鄰,光春路,,,,,,13號,120.53716138934,22.544606607149
屏東縣潮州鎮永春里24鄰光春路13之1號,10013,1001302,1001302-013,24鄰,光春路,,,,,,13之1號,120.53717631267,22.544563030147
屏東縣潮州鎮永春里19鄰光春路14號,10013,1001302,1001302-013,19鄰,光春路,,,,,,14號,120.53686951121,22.544581022102
屏東縣潮州鎮永春里24鄰光春路15號,10013,1001302,1001302-013,24鄰,光春路,,,,,,15號,120.53723217207,22.544401354554
屏東縣潮州鎮永春里19鄰光春路16號,10013,1001302,1001302-013,19鄰,光春路,,,,,,16號,120.53687790322,22.544542664331
屏東縣潮州鎮永春里24鄰光春路17號,10013,1001302,1001302-013,24鄰,光春路,,,,,,17號,120.53726135732,22.544337589031
屏東縣潮州鎮永春里19鄰光春路18號,10013,1001302,1001302-013,19鄰,光春路,,,,,,18號,120.53689413482,22.54448581549
屏東縣潮州鎮永春里24鄰光春路19號,10013,1001302,1001302-013,24鄰,光春路,,,,,,19號,120.53723183959,22.544238614206
屏東縣潮州鎮永春里24鄰光春路21號,10013,1001302,1001302-013,24鄰,光春路,,,,,,21號,120.53724606183,22.544201176288
屏東縣潮州鎮永春里24鄰光春路23號,10013,1001302,1001302-013,24鄰,光春路,,,,,,23號,120.53725883174,22.544161927981
屏東縣潮州鎮永春里24鄰光春路25號,10013,1001302,1001302-013,24鄰,光春路,,,,,,25號,120.53728571519,22.544117843504
屏東縣潮州鎮永春里24鄰光春路29號,10013,1001302,1001302-013,24鄰,光春路,,,,,,29號,120.53732613936,22.544007419797
屏東縣潮州鎮永春里24鄰光春路31號,10013,1001302,1001302-013,24鄰,光春路,,,,,,31號,120.53732999545,22.543958934184
屏東縣潮州鎮永春里24鄰光春路33號,10013,1001302,1001302-013,24鄰,光春路,,,,,,33號,120.53735796574,22.543880444543
屏東縣潮州鎮永春里19鄰光春路34號,10013,1001302,1001302-013,19鄰,光春路,,,,,,34號,120.5369888148,22.544286592281
屏東縣潮州鎮永春里19鄰光春路36號,10013,1001302,1001302-013,19鄰,光春路,,,,,,36號,120.53700597036,22.544244195754
屏東縣潮州鎮永春里19鄰光春路38號,10013,1001302,1001302-013,19鄰,光春路,,,,,,38號,120.53703345779,22.544164801681
屏東縣潮州鎮永春里19鄰光春路40號,10013,1001302,1001302-013,19鄰,光春路,,,,,,40號,120.53704524348,22.544129162978
屏東縣潮州鎮永春里19鄰光春路42號,10013,1001302,1001302-013,19鄰,光春路,,,,,,42號,120.53705849052,22.544092625374
屏東縣潮州鎮永春里19鄰光春路44號,10013,1001302,1001302-013,19鄰,光春路,,,,,,44號,120.53707223872,22.544051573689
屏東縣潮州鎮永春里19鄰光春路46號,10013,1001302,1001302-013,19鄰,光春路,,,,,,46號,120.53708498307,22.54402000171
屏東縣潮州鎮永春里19鄰光春路48號,10013,1001302,1001302-013,19鄰,光春路,,,,,,48號,120.5370904568,22.543982087079
屏東縣潮州鎮永春里19鄰光春路50號,10013,1001302,1001302-013,19鄰,光春路,,,,,,50號,120.53710419293,22.543944647773
屏東縣潮州鎮永春里19鄰光春路52號,10013,1001302,1001302-013,19鄰,光春路,,,,,,52號,120.53711937987,22.543909470401
屏東縣潮州鎮永春里19鄰光春路54號,10013,1001302,1001302-013,19鄰,光春路,,,,,,54號,120.53712874098,22.543872018505
屏東縣潮州鎮永春里19鄰光春路54之3號,10013,1001302,1001302-013,19鄰,光春路,,,,,,54之3號,120.53684548236,22.543740343477
屏東縣潮州鎮永春里19鄰光春路54之4號,10013,1001302,1001302-013,19鄰,光春路,,,,,,54之4號,120.53680310153,22.543737783082
屏東縣潮州鎮永春里19鄰光春路54之5號,10013,1001302,1001302-013,19鄰,光春路,,,,,,54之5號,120.53676326024,22.543731707881
屏東縣潮州鎮永春里19鄰光春路54之6號,10013,1001302,1001302-013,19鄰,光春路,,,,,,54之6號,120.53671184557,22.543726773378
屏東縣潮州鎮永春里19鄰光春路56號,10013,1001302,1001302-013,19鄰,光春路,,,,,,56號,120.53714150186,22.543835479494
屏東縣潮州鎮永春里24鄰光春路57號,10013,1001302,1001302-013,24鄰,光春路,,,,,,57號,120.53736977389,22.543838032595
屏東縣潮州鎮永春里19鄰光春路58號,10013,1001302,1001302-013,19鄰,光春路,,,,,,58號,120.53716156345,22.543796252172
屏東縣潮州鎮永春里24鄰光春路59號,10013,1001302,1001302-013,24鄰,光春路,,,,,,59號,120.53738209494,22.543787584492
屏東縣潮州鎮永春里19鄰光春路60號,10013,1001302,1001302-013,19鄰,光春路,,,,,,60號,120.53718213522,22.54374980148
屏東縣潮州鎮永春里19鄰光春路60之1號,10013,1001302,1001302-013,19鄰,光春路,,,,,,60之1號,120.53701917337,22.54372531002
屏東縣潮州鎮永春里19鄰光春路62號,10013,1001302,1001302-013,19鄰,光春路,,,,,,62號,120.53722269424,22.543598919106
屏東縣潮州鎮永春里19鄰光春路62之1號,10013,1001302,1001302-013,19鄰,光春路,,,,,,62之1號,120.53699563927,22.543581377772
屏東縣潮州鎮永春里19鄰光春路62之2號,10013,1001302,1001302-013,19鄰,光春路,,,,,,62之2號,120.53695325819,22.543578907726
屏東縣潮州鎮永春里19鄰光春路62之5號,10013,1001302,1001302-013,19鄰,光春路,,,,,,62之5號,120.53685212592,22.543584938349
屏東縣潮州鎮永春里19鄰光春路62之6號,10013,1001302,1001302-013,19鄰,光春路,,,,,,62之6號,120.53703801283,22.543586105546
屏東縣潮州鎮永春里19鄰光春路64號,10013,1001302,1001302-013,19鄰,光春路,,,,,,64號,120.53724619768,22.543547961315
屏東縣潮州鎮永春里19鄰光春路66號,10013,1001302,1001302-013,19鄰,光春路,,,,,,66號,120.53726355564,22.543503126954
屏東縣潮州鎮永春里20鄰光春路69號,10013,1001302,1001302-013,20鄰,光春路,,,,,,69號,120.53742656977,22.543686925927
屏東縣潮州鎮永春里20鄰光春路71號,10013,1001302,1001302-013,20鄰,光春路,,,,,,71號,120.53746801951,22.543589600137
屏東縣潮州鎮永春里20鄰光春路73號,10013,1001302,1001302-013,20鄰,光春路,,,,,,73號,120.53749058976,22.543526899269
屏東縣潮州鎮永春里20鄰光春路73之1號,10013,1001302,1001302-013,20鄰,光春路,,,,,,73之1號,120.53760908546,22.54359108936
屏東縣潮州鎮永春里20鄰光春路73之2號,10013,1001302,1001302-013,20鄰,光春路,,,,,,73之2號,120.53762364384,22.543598626968
屏東縣潮州鎮永春里20鄰光春路73之3號,10013,1001302,1001302-013,20鄰,光春路,,,,,,73之3號,120.5376454987,22.543604740577
屏東縣潮州鎮永春里20鄰光春路73之4號,10013,1001302,1001302-013,20鄰,光春路,,,,,,73之4號,120.53766151873,22.543611288967
屏東縣潮州鎮永春里20鄰光春路73之5號,10013,1001302,1001302-013,20鄰,光春路,,,,,,73之5號,120.53767851669,22.543616124268
屏東縣潮州鎮永春里20鄰光春路73之6號,10013,1001302,1001302-013,20鄰,光春路,,,,,,73之6號,120.53769842171,22.543623857855
屏東縣潮州鎮永春里20鄰光春路73之7號,10013,1001302,1001302-013,20鄰,光春路,,,,,,73之7號,120.53771396074,22.54362886958
屏東縣潮州鎮永春里20鄰光春路73之9號,10013,1001302,1001302-013,20鄰,光春路,,,,,,73之9號,120.53774552792,22.543637991328
屏東縣潮州鎮永春里20鄰光春路73之11號,10013,1001302,1001302-013,20鄰,光春路,,,,,,73之11號,120.53777806884,22.543646664314
屏東縣潮州鎮永春里20鄰光春路73之13號,10013,1001302,1001302-013,20鄰,光春路,,,,,,73之13號,120.53781448211,22.543660315493
屏東縣潮州鎮永春里20鄰光春路75號,10013,1001302,1001302-013,20鄰,光春路,,,,,,75號,120.53750381857,22.543495780197
屏東縣潮州鎮永春里19鄰光春路76號,10013,1001302,1001302-013,19鄰,光春路,,,,,,76號,120.53728980777,22.543415059471
屏東縣潮州鎮永春里20鄰光春路77號,10013,1001302,1001302-013,20鄰,光春路,,,,,,77號,120.53751899031,22.543465118261
屏東縣潮州鎮永春里20鄰光春路79號,10013,1001302,1001302-013,20鄰,光春路,,,,,,79號,120.53752881784,22.543433537858
屏東縣潮州鎮永春里20鄰光春路79之1號,10013,1001302,1001302-013,20鄰,光春路,,,,,,79之1號,120.53764562062,22.543480564072
屏東縣潮州鎮永春里20鄰光春路79之2號,10013,1001302,1001302-013,20鄰,光春路,,,,,,79之2號,120.53768262169,22.543492862313
屏東縣潮州鎮永春里20鄰光春路79之3號,10013,1001302,1001302-013,20鄰,光春路,,,,,,79之3號,120.53771806871,22.543504704528
屏東縣潮州鎮永春里20鄰光春路79之4號,10013,1001302,1001302-013,20鄰,光春路,,,,,,79之4號,120.5377524523,22.543514737471
屏東縣潮州鎮永春里20鄰光春路79之5號,10013,1001302,1001302-013,20鄰,光春路,,,,,,79之5號,120.53778253707,22.543531079787
屏東縣潮州鎮永春里20鄰光春路79之6號,10013,1001302,1001302-013,20鄰,光春路,,,,,,79之6號,120.53781555055,22.543543818093
屏東縣潮州鎮永春里20鄰光春路79之7號,10013,1001302,1001302-013,20鄰,光春路,,,,,,79之7號,120.53785052501,22.543551594952
屏東縣潮州鎮永春里19鄰光春路80號,10013,1001302,1001302-013,19鄰,光春路,,,,,,80號,120.53731970736,22.543341090901
屏東縣潮州鎮永春里20鄰光春路81號,10013,1001302,1001302-013,20鄰,光春路,,,,,,81號,120.53754894394,22.543374893924
屏東縣潮州鎮永春里20鄰光春路81之1號,10013,1001302,1001302-013,20鄰,光春路,,,,,,81之1號,120.5376721826,22.543416158749
屏東縣潮州鎮永春里20鄰光春路81之2號,10013,1001302,1001302-013,20鄰,光春路,,,,,,81之2號,120.53770762809,22.543428452514
屏東縣潮州鎮永春里20鄰光春路81之3號,10013,1001302,1001302-013,20鄰,光春路,,,,,,81之3號,120.53774064454,22.54344028774
屏東縣潮州鎮永春里20鄰光春路81之4號,10013,1001302,1001302-013,20鄰,光春路,,,,,,81之4號,120.53777415312,22.543450318164
屏東縣潮州鎮永春里20鄰光春路81之5號,10013,1001302,1001302-013,20鄰,光春路,,,,,,81之5號,120.53780523115,22.543460341599
屏東縣潮州鎮永春里20鄰光春路81之6號,10013,1001302,1001302-013,20鄰,光春路,,,,,,81之6號,120.53783630618,22.543471268123
屏東縣潮州鎮永春里20鄰光春路81之7號,10013,1001302,1001302-013,20鄰,光春路,,,,,,81之7號,120.53787321455,22.543482211397
屏東縣潮州鎮永春里19鄰光春路82號,10013,1001302,1001302-013,19鄰,光春路,,,,,,82號,120.53735109384,22.543287717381
屏東縣潮州鎮永春里20鄰光春路83號,10013,1001302,1001302-013,20鄰,光春路,,,,,,83號,120.53755879401,22.543336540299
屏東縣潮州鎮永春里19鄰光春路84號,10013,1001302,1001302-013,19鄰,光春路,,,,,,84號,120.53735850889,22.543250711423
屏東縣潮州鎮永春里20鄰光春路85號,10013,1001302,1001302-013,20鄰,光春路,,,,,,85號,120.53757104906,22.543305869974
屏東縣潮州鎮永春里19鄰光春路86號,10013,1001302,1001302-013,19鄰,光春路,,,,,,86號,120.53736933424,22.54321145751
屏東縣潮州鎮永春里20鄰光春路87號,10013,1001302,1001302-013,20鄰,光春路,,,,,,87號,120.53758477296,22.543272043004
屏東縣潮州鎮永春里20鄰光春路87之1號,10013,1001302,1001302-013,20鄰,光春路,,,,,,87之1號,120.53770623719,22.543320617849
屏東縣潮州鎮永春里20鄰光春路87之2號,10013,1001302,1001302-013,20鄰,光春路,,,,,,87之2號,120.53774459782,22.543333371534
屏東縣潮州鎮永春里20鄰光春路87之3號,10013,1001302,1001302-013,20鄰,光春路,,,,,,87之3號,120.53777615893,22.543344299466
屏東縣潮州鎮永春里20鄰光春路87之4號,10013,1001302,1001302-013,20鄰,光春路,,,,,,87之4號,120.53780723393,22.543355225996
屏東縣潮州鎮永春里20鄰光春路87之5號,10013,1001302,1001302-013,20鄰,光春路,,,,,,87之5號,120.537840747,22.543363901762
屏東縣潮州鎮永春里20鄰光春路87之6號,10013,1001302,1001302-013,20鄰,光春路,,,,,,87之6號,120.53787522028,22.543376192698
屏東縣潮州鎮永春里20鄰光春路87之7號,10013,1001302,1001302-013,20鄰,光春路,,,,,,87之7號,120.53790581219,22.543386214716
屏東縣潮州鎮永春里19鄰光春路88號,10013,1001302,1001302-013,19鄰,光春路,,,,,,88號,120.53739015268,22.543178463751
屏東縣潮州鎮永春里20鄰光春路89號,10013,1001302,1001302-013,20鄰,光春路,,,,,,89號,120.5376107549,22.543206642608
屏東縣潮州鎮永春里19鄰光春路90號,10013,1001302,1001302-013,19鄰,光春路,,,,,,90號,120.53740220155,22.54312214468
屏東縣潮州鎮永春里20鄰光春路91號,10013,1001302,1001302-013,20鄰,光春路,,,,,,91號,120.53764826539,22.543182727832
屏東縣潮州鎮永春里18鄰光春路96號,10013,1001302,1001302-013,18鄰,光春路,,,,,,96號,120.53749409802,22.542911624308
屏東縣潮州鎮永春里18鄰光春路98號,10013,1001302,1001302-013,18鄰,光春路,,,,,,98號,120.53751321724,22.54286336318
屏東縣潮州鎮永春里15鄰光春路99號,10013,1001302,1001302-013,15鄰,光春路,,,,,,99號,120.53774676624,22.542857351401
屏東縣潮州鎮永春里18鄰光春路100號,10013,1001302,1001302-013,18鄰,光春路,,,,,,100號,120.53752549783,22.542825016542
屏東縣潮州鎮永春里15鄰光春路101號,10013,1001302,1001302-013,15鄰,光春路,,,,,,101號,120.53775369956,22.542818989381
屏東縣潮州鎮永春里18鄰光春路102號,10013,1001302,1001302-013,18鄰,光春路,,,,,,102號,120.5375392232,22.542790738025
屏東縣潮州鎮永春里15鄰光春路103號,10013,1001302,1001302-013,15鄰,光春路,,,,,,103號,120.5377669535,22.542780284277
屏東縣潮州鎮永春里18鄰光春路104號,10013,1001302,1001302-013,18鄰,光春路,,,,,,104號,120.5375583138,22.542751056302
屏東縣潮州鎮永春里15鄰光春路105號,10013,1001302,1001302-013,15鄰,光春路,,,,,,105號,120.53778360929,22.542741859877
屏東縣潮州鎮永春里18鄰光春路106號,10013,1001302,1001302-013,18鄰,光春路,,,,,,106號,120.53757157561,22.542710003166
屏東縣潮州鎮永春里15鄰光春路107號,10013,1001302,1001302-013,15鄰,光春路,,,,,,107號,120.53780074456,22.542705423682
屏東縣潮州鎮永春里18鄰光春路108號,10013,1001302,1001302-013,18鄰,光春路,,,,,,108號,120.53758287794,22.542673459919
屏東縣潮州鎮永春里15鄰光春路109號,10013,1001302,1001302-013,15鄰,光春路,,,,,,109號,120.53781350966,22.542667529964
屏東縣潮州鎮永春里18鄰光春路110號,10013,1001302,1001302-013,18鄰,光春路,,,,,,110號,120.53759515398,22.542636467917
屏東縣潮州鎮永春里15鄰光春路111號,10013,1001302,1001302-013,15鄰,光春路,,,,,,111號,120.53782724246,22.542630993681
屏東縣潮州鎮永春里18鄰光春路112號,10013,1001302,1001302-013,18鄰,光春路,,,,,,112號,120.5376113279,22.542596777803
屏東縣潮州鎮永春里15鄰光春路113號,10013,1001302,1001302-013,15鄰,光春路,,,,,,113號,120.53783578433,22.542605911912
屏東縣潮州鎮永春里18鄰光春路114號,10013,1001302,1001302-013,18鄰,光春路,,,,,,114號,120.53762848455,22.542553929646
屏東縣潮州鎮永春里15鄰光春路115號,10013,1001302,1001302-013,15鄰,光春路,,,,,,115號,120.53786363138,22.542564268474
屏東縣潮州鎮永春里18鄰光春路116號,10013,1001302,1001302-013,18鄰,光春路,,,,,,116號,120.53763789061,22.542532101548
屏東縣潮州鎮永春里18鄰光春路116之1號,10013,1001302,1001302-013,18鄰,光春路,,,,,,116之1號,120.53764311103,22.542511796699
屏東縣潮州鎮永春里18鄰光春路116之2號,10013,1001302,1001302-013,18鄰,光春路,,,,,,116之2號,120.53764831941,22.542495104233
屏東縣潮州鎮永春里15鄰光春路117號,10013,1001302,1001302-013,15鄰,光春路,,,,,,117號,120.53785935652,22.542534182813
屏東縣潮州鎮永春里18鄰光春路118號,10013,1001302,1001302-013,18鄰,光春路,,,,,,118號,120.53765596525,22.542476341631
屏東縣潮州鎮永春里15鄰光春路119號,10013,1001302,1001302-013,15鄰,光春路,,,,,,119號,120.5378755048,22.542502168986
屏東縣潮州鎮永春里18鄰光春路120號,10013,1001302,1001302-013,18鄰,光春路,,,,,,120號,120.53766485504,22.542434372816
屏東縣潮州鎮永春里15鄰光春路121號,10013,1001302,1001302-013,15鄰,光春路,,,,,,121號,120.53789491309,22.542454631122
屏東縣潮州鎮永春里15鄰光春路121之1號,10013,1001302,1001302-013,15鄰,光春路,,,,,,121之1號,120.53790865787,22.542414482447
屏東縣潮州鎮永春里15鄰光春路121之2號,10013,1001302,1001302-013,15鄰,光春路,,,,,,121之2號,120.53791994956,22.542381100009
屏東縣潮州鎮永春里15鄰光春路121之3號,10013,1001302,1001302-013,15鄰,光春路,,,,,,121之3號,120.53793269806,22.542348173306
屏東縣潮州鎮永春里15鄰光春路121之4號,10013,1001302,1001302-013,15鄰,光春路,,,,,,121之4號,120.53794495895,22.542315696754
屏東縣潮州鎮永春里15鄰光春路121之5號,10013,1001302,1001302-013,15鄰,光春路,,,,,,121之5號,120.53795577203,22.542280055177
屏東縣潮州鎮永春里18鄰光春路122號,10013,1001302,1001302-013,18鄰,光春路,,,,,,122號,120.53767713104,22.542397380807
屏東縣潮州鎮永春里18鄰光春路122之1號,10013,1001302,1001302-013,18鄰,光春路,,,,,,122之1號,120.53770547241,22.542382470709
屏東縣潮州鎮永春里15鄰光春路123號,10013,1001302,1001302-013,15鄰,光春路,,,,,,123號,120.53798508872,22.542234984137
屏東縣潮州鎮永春里18鄰光春路124號,10013,1001302,1001302-013,18鄰,光春路,,,,,,124號,120.53768942056,22.542356324864
屏東縣潮州鎮永春里18鄰光春路126號,10013,1001302,1001302-013,18鄰,光春路,,,,,,126號,120.53771384772,22.542319819319
屏東縣潮州鎮永春里15鄰光春路127號,10013,1001302,1001302-013,15鄰,光春路,,,,,,127號,120.53803784759,22.542098766838
屏東縣潮州鎮永春里15鄰光春路127之1號,10013,1001302,1001302-013,15鄰,光春路,,,,,,127之1號,120.53804868617,22.542055448937
屏東縣潮州鎮永春里15鄰光春路127之2號,10013,1001302,1001302-013,15鄰,光春路,,,,,,127之2號,120.5380590146,22.542019354407
屏東縣潮州鎮永春里15鄰光春路127之3號,10013,1001302,1001302-013,15鄰,光春路,,,,,,127之3號,120.53807177205,22.541983718403
屏東縣潮州鎮永春里15鄰光春路127之4號,10013,1001302,1001302-013,15鄰,光春路,,,,,,127之4號,120.53808404639,22.541947177906
屏東縣潮州鎮永春里15鄰光春路127之5號,10013,1001302,1001302-013,15鄰,光春路,,,,,,127之5號,120.53809875426,22.541909741289
屏東縣潮州鎮永春里15鄰光春路127之6號,10013,1001302,1001302-013,15鄰,光春路,,,,,,127之6號,120.53811101627,22.541876903483
屏東縣潮州鎮永春里15鄰光春路127之7號,10013,1001302,1001302-013,15鄰,光春路,,,,,,127之7號,120.53811843735,22.541838000977
屏東縣潮州鎮永春里15鄰光春路127之8號,10013,1001302,1001302-013,15鄰,光春路,,,,,,127之8號,120.53813265909,22.541800562961
屏東縣潮州鎮永春里18鄰光春路128號,10013,1001302,1001302-013,18鄰,光春路,,,,,,128號,120.53772272695,22.542281011336
屏東縣潮州鎮永春里15鄰光春路129號,10013,1001302,1001302-013,15鄰,光春路,,,,,,129號,120.53814395068,22.541767180503
屏東縣潮州鎮永春里18鄰光春路130號,10013,1001302,1001302-013,18鄰,光春路,,,,,,130號,120.53773597664,22.542243570566
屏東縣潮州鎮永春里15鄰光春路131號,10013,1001302,1001302-013,15鄰,光春路,,,,,,131號,120.53815621747,22.541732897739
屏東縣潮州鎮永春里18鄰光春路132號,10013,1001302,1001302-013,18鄰,光春路,,,,,,132號,120.53774583108,22.542203862278
屏東縣潮州鎮永春里15鄰光春路133號,10013,1001302,1001302-013,15鄰,光春路,,,,,,133號,120.53817139939,22.541699074893
屏東縣潮州鎮永春里15鄰光春路133之1號,10013,1001302,1001302-013,15鄰,光春路,,,,,,133之1號,120.53818464288,22.541663440273
屏東縣潮州鎮永春里15鄰光春路133之2號,10013,1001302,1001302-013,15鄰,光春路,,,,,,133之2號,120.53821876634,22.541634638865
屏東縣潮州鎮永春里17鄰光春路134號,10013,1001302,1001302-013,17鄰,光春路,,,,,,134號,120.53796355583,22.541606361489
屏東縣潮州鎮永春里15鄰光春路135號,10013,1001302,1001302-013,15鄰,光春路,,,,,,135號,120.53823104812,22.541595840614
屏東縣潮州鎮永春里17鄰光春路136號,10013,1001302,1001302-013,17鄰,光春路,,,,,,136號,120.53781402277,22.541987764638
屏東縣潮州鎮永春里17鄰光春路136之1號,10013,1001302,1001302-013,17鄰,光春路,,,,,,136之1號,120.53779000212,22.542048203641
屏東縣潮州鎮永春里17鄰光春路136之2號,10013,1001302,1001302-013,17鄰,光春路,,,,,,136之2號,120.53785560783,22.541907959335
屏東縣潮州鎮永春里17鄰光春路136之3號,10013,1001302,1001302-013,17鄰,光春路,,,,,,136之3號,120.53783214097,22.541948080082
屏東縣潮州鎮永春里15鄰光春路137號,10013,1001302,1001302-013,15鄰,光春路,,,,,,137號,120.53824428709,22.541561560631
屏東縣潮州鎮永春里17鄰光春路138號,10013,1001302,1001302-013,17鄰,光春路,,,,,,138號,120.53799490064,22.541536099646
屏東縣潮州鎮永春里17鄰光春路138之1號,10013,1001302,1001302-013,17鄰,光春路,,,,,,138之1號,120.53800201414,22.541501982716
屏東縣潮州鎮永春里15鄰光春路139號,10013,1001302,1001302-013,15鄰,光春路,,,,,,139號,120.53823967075,22.541517204943
屏東縣潮州鎮永春里17鄰光春路140之5號,10013,1001302,1001302-013,17鄰,光春路,,,,,,140之5號,120.53792974409,22.541687543807
屏東縣潮州鎮永春里17鄰光春路140之10號,10013,1001302,1001302-013,17鄰,光春路,,,,,,140之10號,120.53755858898,22.541500979767
屏東縣潮州鎮永春里16鄰光春路142號,10013,1001302,1001302-013,16鄰,光春路,,,,,,142號,120.53809515185,22.541268436325
屏東縣潮州鎮永春里16鄰光春路142之1號,10013,1001302,1001302-013,16鄰,光春路,,,,,,142之1號,120.53810549522,22.541227826307
屏東縣潮州鎮永春里11鄰光春路143號,10013,1001302,1001302-013,11鄰,光春路,,,,,,143號,120.53858110902,22.541401593677
屏東縣潮州鎮永春里16鄰光春路144號,10013,1001302,1001302-013,16鄰,光春路,,,,,,144號,120.53811493266,22.541196515666
屏東縣潮州鎮永春里16鄰光春路146號,10013,1001302,1001302-013,16鄰,光春路,,,,,,146號,120.53812671481,22.541161779958
屏東縣潮州鎮永春里16鄰光春路146之1號,10013,1001302,1001302-013,16鄰,光春路,,,,,,146之1號,120.53814124737,22.541118562959
屏東縣潮州鎮永春里16鄰光春路146之2號,10013,1001302,1001302-013,16鄰,光春路,,,,,,146之2號,120.53815039643,22.541086258072
屏東縣潮州鎮永春里16鄰光春路148號,10013,1001302,1001302-013,16鄰,光春路,,,,,,148號,120.53757453945,22.541324017102
屏東縣潮州鎮永春里11鄰光春路151號,10013,1001302,1001302-013,11鄰,光春路,,,,,,151號,120.53840793345,22.541057826837
屏東縣潮州鎮永春里11鄰光春路153號,10013,1001302,1001302-013,11鄰,光春路,,,,,,153號,120.53841279184,22.541029392975
屏東縣潮州鎮永春里11鄰光春路153之1號,10013,1001302,1001302-013,11鄰,光春路,,,,,,153之1號,120.53842962095,22.540997200414
屏東縣潮州鎮永春里16鄰光春路154號,10013,1001302,1001302-013,16鄰,光春路,,,,,,154號,120.53817528362,22.541028259874
屏東縣潮州鎮永春里11鄰光春路155號,10013,1001302,1001302-013,11鄰,光春路,,,,,,155號,120.53843882393,22.540977900373
屏東縣潮州鎮永春里16鄰光春路156號,10013,1001302,1001302-013,16鄰,光春路,,,,,,156號,120.53819291699,22.540988122326
屏東縣潮州鎮永春里11鄰光春路157號,10013,1001302,1001302-013,11鄰,光春路,,,,,,157號,120.5384535331,22.540940012168
屏東縣潮州鎮永春里16鄰光春路158號,10013,1001302,1001302-013,16鄰,光春路,,,,,,158號,120.53820860443,22.540948430742
屏東縣潮州鎮永春里11鄰光春路159號,10013,1001302,1001302-013,11鄰,光春路,,,,,,159號,120.53846726105,22.540904830461
屏東縣潮州鎮永春里16鄰光春路160號,10013,1001302,1001302-013,16鄰,光春路,,,,,,160號,120.53822478999,22.540905128168
屏東縣潮州鎮永春里11鄰光春路161號,10013,1001302,1001302-013,11鄰,光春路,,,,,,161號,120.53847759678,22.540866478156
屏東縣潮州鎮永春里16鄰光春路162號,10013,1001302,1001302-013,16鄰,光春路,,,,,,162號,120.53823561039,22.540867228822
屏東縣潮州鎮永春里11鄰光春路163號,10013,1001302,1001302-013,11鄰,光春路,,,,,,163號,120.53850494728,22.540827813411
屏東縣潮州鎮永春里11鄰光春路165號,10013,1001302,1001302-013,11鄰,光春路,,,,,,165號,120.5388260508,22.541067515004
屏東縣潮州鎮富春里14鄰光春路富國巷3號,10013,1001302,1001302-014,14鄰,光春路,,富國巷,,,,3號,120.53909737881,22.540486963888
屏東縣潮州鎮富春里14鄰光春路富國巷5號,10013,1001302,1001302-014,14鄰,光春路,,富國巷,,,,5號,120.53908582032,22.540454419002
屏東縣潮州鎮富春里14鄰光春路富國巷7號,10013,1001302,1001302-014,14鄰,光春路,,富國巷,,,,7號,120.53907426453,22.540421061329
屏東縣潮州鎮富春里14鄰光春路富國巷9號,10013,1001302,1001302-014,14鄰,光春路,,富國巷,,,,9號,120.53906087297,22.540384266597
屏東縣潮州鎮富春里14鄰光春路富國巷10號,10013,1001302,1001302-014,14鄰,光春路,,富國巷,,,,10號,120.53900871593,22.540398295919
屏東縣潮州鎮富春里14鄰光春路富國巷11號,10013,1001302,1001302-014,14鄰,光春路,,富國巷,,,,11號,120.53905203936,22.540350916721
屏東縣潮州鎮富春里14鄰光春路富國巷12號,10013,1001302,1001302-014,14鄰,光春路,,富國巷,,,,12號,120.53899989343,22.540361604583
屏東縣潮州鎮富春里14鄰光春路富國巷13號,10013,1001302,1001302-014,14鄰,光春路,,富國巷,,,,13號,120.53904211924,22.540322711429
屏東縣潮州鎮富春里14鄰光春路富國巷14號,10013,1001302,1001302-014,14鄰,光春路,,富國巷,,,,14號,120.53899152194,22.540335480867
屏東縣潮州鎮富春里14鄰光春路富國巷15號,10013,1001302,1001302-014,14鄰,光春路,,富國巷,,,,15號,120.53901907256,22.540265749794
屏東縣潮州鎮富春里14鄰光春路富國巷16號,10013,1001302,1001302-014,14鄰,光春路,,富國巷,,,,16號,120.53897589075,22.540299763437
屏東縣潮州鎮富春里14鄰光春路富國巷17號,10013,1001302,1001302-014,14鄰,光春路,,富國巷,,,,17號,120.53901734742,22.540228988482
屏東縣潮州鎮富春里14鄰光春路富國巷18號,10013,1001302,1001302-014,14鄰,光春路,,富國巷,,,,18號,120.53896884881,22.540253865531
屏東縣潮州鎮富春里14鄰光春路富國巷19號,10013,1001302,1001302-014,14鄰,光春路,,富國巷,,,,19號,120.53900491939,22.54019481551
屏東縣潮州鎮富春里14鄰光春路富國巷20號,10013,1001302,1001302-014,14鄰,光春路,,富國巷,,,,20號,120.53893660741,22.5402137656
屏東縣潮州鎮富春里14鄰光春路富國巷21號,10013,1001302,1001302-014,14鄰,光春路,,富國巷,,,,21號,120.53899783606,22.540161380334
屏東縣潮州鎮富春里14鄰光春路富國巷22號,10013,1001302,1001302-014,14鄰,光春路,,富國巷,,,,22號,120.53892590447,22.540187093336
屏東縣潮州鎮富春里14鄰光春路富國巷24號,10013,1001302,1001302-014,14鄰,光春路,,富國巷,,,,24號,120.53891978226,22.540157002399
屏東縣潮州鎮富春里14鄰光春路富國巷26號,10013,1001302,1001302-014,14鄰,光春路,,富國巷,,,,26號,120.53890271264,22.540144580946
屏東縣潮州鎮富春里14鄰光春路富國巷28號,10013,1001302,1001302-014,14鄰,光春路,,富國巷,,,,28號,120.53889626879,22.540123520136
屏東縣潮州鎮富春里14鄰光春路富國巷31號,10013,1001302,1001302-014,14鄰,光春路,,富國巷,,,,31號,120.53889277655,22.540033380258
屏東縣潮州鎮富春里14鄰光春路173號,10013,1001302,1001302-014,14鄰,光春路,,,,,,173號,120.53857327601,22.540599162623
屏東縣潮州鎮富春里14鄰光春路175號,10013,1001302,1001302-014,14鄰,光春路,,,,,,175號,120.53859433892,22.540550906917
屏東縣潮州鎮富春里14鄰光春路177號,10013,1001302,1001302-014,14鄰,光春路,,,,,,177號,120.53860381462,22.540508036611
屏東縣潮州鎮富春里14鄰光春路177之1號,10013,1001302,1001302-014,14鄰,光春路,,,,,,177之1號,120.5386180511,22.54046608306
屏東縣潮州鎮富春里14鄰光春路177之2號,10013,1001302,1001302-014,14鄰,光春路,,,,,,177之2號,120.53863666547,22.540423238956
屏東縣潮州鎮富春里14鄰光春路177之3號,10013,1001302,1001302-014,14鄰,光春路,,,,,,177之3號,120.5386483592,22.540385793635
屏東縣潮州鎮富春里14鄰光春路179號,10013,1001302,1001302-014,14鄰,光春路,,,,,,179號,120.53867940061,22.540348132855
屏東縣潮州鎮富春里14鄰光春路181號,10013,1001302,1001302-014,14鄰,光春路,,,,,,181號,120.53869156812,22.540314391618
屏東縣潮州鎮富春里14鄰光春路183號,10013,1001302,1001302-014,14鄰,光春路,,,,,,183號,120.53868860351,22.540270311601
屏東縣潮州鎮富春里14鄰光春路185號,10013,1001302,1001302-014,14鄰,光春路,,,,,,185號,120.53870039743,22.540231963458
屏東縣潮州鎮富春里14鄰光春路187號,10013,1001302,1001302-014,14鄰,光春路,,,,,,187號,120.53871218985,22.540194066861
屏東縣潮州鎮富春里14鄰光春路189號,10013,1001302,1001302-014,14鄰,光春路,,,,,,189號,120.53874586574,22.540153523683
屏東縣潮州鎮富春里14鄰光春路191號,10013,1001302,1001302-014,14鄰,光春路,,,,,,191號,120.53876007393,22.540120059222
屏東縣潮州鎮富春里14鄰光春路193號,10013,1001302,1001302-014,14鄰,光春路,,,,,,193號,120.53880827206,22.539980757982
屏東縣潮州鎮富春里14鄰光春路195號,10013,1001302,1001302-014,14鄰,光春路,,,,,,195號,120.53881812003,22.539942855803
屏東縣潮州鎮富春里14鄰光春路197號,10013,1001302,1001302-014,14鄰,光春路,,,,,,197號,120.53882941729,22.539907667091
屏東縣潮州鎮富春里14鄰光春路199號,10013,1001302,1001302-014,14鄰,光春路,,,,,,199號,120.53883924725,22.539875183488
屏東縣潮州鎮富春里14鄰光春路201號,10013,1001302,1001302-014,14鄰,光春路,,,,,,201號,120.53885288077,22.539839098365
屏東縣潮州鎮富春里14鄰光春路203號,10013,1001302,1001302-014,14鄰,光春路,,,,,,203號,120.53886282594,22.53980119646
屏東縣潮州鎮富春里14鄰光春路203之1號,10013,1001302,1001302-014,14鄰,光春路,,,,,,203之1號,120.53888181912,22.539761333654
屏東縣潮州鎮富春里14鄰光春路205號,10013,1001302,1001302-014,14鄰,光春路,,,,,,205號,120.53892161484,22.539692992341
屏東縣潮州鎮富春里14鄰光春路207號,10013,1001302,1001302-014,14鄰,光春路,,,,,,207號,120.53895372928,22.539624899939
屏東縣潮州鎮富春里17鄰光春路209號,10013,1001302,1001302-014,17鄰,光春路,,,,,,209號,120.53895918623,22.539503989819
屏東縣潮州鎮富春里17鄰光春路211號,10013,1001302,1001302-014,17鄰,光春路,,,,,,211號,120.5389724308,22.539467903569
屏東縣潮州鎮富春里17鄰光春路213號,10013,1001302,1001302-014,17鄰,光春路,,,,,,213號,120.53899348441,22.539422357089
屏東縣潮州鎮富春里17鄰光春路213之1號,10013,1001302,1001302-014,17鄰,光春路,,,,,,213之1號,120.5390130902,22.53937364559
屏東縣潮州鎮富春里17鄰光春路215號,10013,1001302,1001302-014,17鄰,光春路,,,,,,215號,120.53906608333,22.539224785078
屏東縣潮州鎮富春里17鄰光春路215之1號,10013,1001302,1001302-014,17鄰,光春路,,,,,,215之1號,120.53907642177,22.539185529625
屏東縣潮州鎮富春里17鄰光春路215之2號,10013,1001302,1001302-014,17鄰,光春路,,,,,,215之2號,120.53911646901,22.539129200272
屏東縣潮州鎮富春里17鄰光春路217號,10013,1001302,1001302-014,17鄰,光春路,,,,,,217號,120.53913354043,22.539082468328
屏東縣潮州鎮富春里17鄰光春路217之1號,10013,1001302,1001302-014,17鄰,光春路,,,,,,217之1號,120.5391600305,22.53906854607
屏東縣潮州鎮富春里17鄰光春路217之2號,10013,1001302,1001302-014,17鄰,光春路,,,,,,217之2號,120.53916527423,22.539041106694
屏東縣潮州鎮富春里17鄰光春路221號,10013,1001302,1001302-014,17鄰,光春路,,,,,,221號,120.53918070229,22.539020831016
屏東縣潮州鎮富春里17鄰光春路223號,10013,1001302,1001302-014,17鄰,光春路,,,,,,223號,120.53919061554,22.538992501907
屏東縣潮州鎮富春里17鄰光春路225號,10013,1001302,1001302-014,17鄰,光春路,,,,,,225號,120.53922220834,22.538817841549
屏東縣潮州鎮富春里17鄰光春路227號,10013,1001302,1001302-014,17鄰,光春路,,,,,,227號,120.53923880108,22.538768850458
屏東縣潮州鎮富春里17鄰光春路229號,10013,1001302,1001302-014,17鄰,光春路,,,,,,229號,120.53925352627,22.538725995131
屏東縣潮州鎮富春里18鄰光春路231號,10013,1001302,1001302-014,18鄰,光春路,,,,,,231號,120.53936255826,22.538682055145
屏東縣潮州鎮富春里18鄰光春路231之1號,10013,1001302,1001302-014,18鄰,光春路,,,,,,231之1號,120.53933695795,22.538632943249
屏東縣潮州鎮富春里18鄰光春路233號,10013,1001302,1001302-014,18鄰,光春路,,,,,,233號,120.53930403298,22.538593834846
屏東縣潮州鎮富春里18鄰光春路235號,10013,1001302,1001302-014,18鄰,光春路,,,,,,235號,120.5393148469,22.538557741602
屏東縣潮州鎮富春里18鄰光春路235之2號,10013,1001302,1001302-014,18鄰,光春路,,,,,,235之2號,120.53934133567,22.538485569027
屏東縣潮州鎮富春里18鄰光春路235之3號,10013,1001302,1001302-014,18鄰,光春路,,,,,,235之3號,120.5393662418,22.53845087078
屏東縣潮州鎮富春里18鄰光春路235之4號,10013,1001302,1001302-014,18鄰,光春路,,,,,,235之4號,120.53937803687,22.538412071024
屏東縣潮州鎮富春里18鄰光春路235之7號,10013,1001302,1001302-014,18鄰,光春路,,,,,,235之7號,120.5394293578,22.538298155746
屏東縣潮州鎮富春里18鄰光春路235之8號,10013,1001302,1001302-014,18鄰,光春路,,,,,,235之8號,120.53943775768,22.538257088504
屏東縣潮州鎮富春里18鄰光春路235之9號,10013,1001302,1001302-014,18鄰,光春路,,,,,,235之9號,120.5394490741,22.538216029609
屏東縣潮州鎮富春里18鄰光春路235之10號,10013,1001302,1001302-014,18鄰,光春路,,,,,,235之10號,120.5394865961,22.538188140737
屏東縣潮州鎮富春里18鄰光春路237號,10013,1001302,1001302-014,18鄰,光春路,,,,,,237號,120.53951969441,22.53802838584
屏東縣潮州鎮富春里18鄰光春路237之1號,10013,1001302,1001302-014,18鄰,光春路,,,,,,237之1號,120.53950741632,22.538066281122
屏東縣潮州鎮富春里18鄰光春路237之2號,10013,1001302,1001302-014,18鄰,光春路,,,,,,237之2號,120.53949221567,22.538105974248
屏東縣潮州鎮富春里18鄰光春路237之3號,10013,1001302,1001302-014,18鄰,光春路,,,,,,237之3號,120.53948285562,22.538143426326
屏東縣潮州鎮富春里18鄰光春路239號,10013,1001302,1001302-014,18鄰,光春路,,,,,,239號,120.53953683042,22.537991407564
屏東縣潮州鎮富春里18鄰光春路239之1號,10013,1001302,1001302-014,18鄰,光春路,,,,,,239之1號,120.53955642084,22.537947211467
屏東縣潮州鎮富春里19鄰光春路241之2號,10013,1001302,1001302-014,19鄰,光春路,,,,,,241之2號,120.5395696131,22.537897488118
屏東縣潮州鎮富春里19鄰光春路241之3號,10013,1001302,1001302-014,19鄰,光春路,,,,,,241之3號,120.53958681756,22.537869179841
屏東縣潮州鎮富春里19鄰光春路241之4號,10013,1001302,1001302-014,19鄰,光春路,,,,,,241之4號,120.53959762386,22.537835344315
屏東縣潮州鎮富春里19鄰光春路241之5號,10013,1001302,1001302-014,19鄰,光春路,,,,,,241之5號,120.53960891326,22.537802413275
屏東縣潮州鎮富春里19鄰光春路241之6號,10013,1001302,1001302-014,19鄰,光春路,,,,,,241之6號,120.53964671179,22.537779040679
屏東縣潮州鎮富春里19鄰光春路241之7號,10013,1001302,1001302-014,19鄰,光春路,,,,,,241之7號,120.53963537777,22.537737465413
屏東縣潮州鎮富春里19鄰光春路241之8號,10013,1001302,1001302-014,19鄰,光春路,,,,,,241之8號,120.53964471679,22.537706335
屏東縣潮州鎮富春里19鄰光春路243號,10013,1001302,1001302-014,19鄰,光春路,,,,,,243號,120.53967507449,22.537640043611
屏東縣潮州鎮富春里19鄰光春路245號,10013,1001302,1001302-014,19鄰,光春路,,,,,,245號,120.53968637582,22.537603500177
屏東縣潮州鎮富春里19鄰光春路247號,10013,1001302,1001302-014,19鄰,光春路,,,,,,247號,120.5396991459,22.537563800076
屏東縣潮州鎮富春里19鄰光春路249號,10013,1001302,1001302-014,19鄰,光春路,,,,,,249號,120.53971967995,22.537528186154
屏東縣潮州鎮富春里19鄰光春路253號,10013,1001302,1001302-014,19鄰,光春路,,,,,,253號,120.539922959,22.53729522445
屏東縣潮州鎮富春里19鄰光春路255之2號,10013,1001302,1001302-014,19鄰,光春路,,,,,,255之2號,120.53990139021,22.537173695117
屏東縣潮州鎮富春里19鄰光春路255之3號,10013,1001302,1001302-014,19鄰,光春路,,,,,,255之3號,120.53994141379,22.537124229065
屏東縣潮州鎮富春里19鄰光春路255之4號,10013,1001302,1001302-014,19鄰,光春路,,,,,,255之4號,120.54005087087,22.537098261595
屏東縣潮州鎮富春里19鄰光春路255之5號,10013,1001302,1001302-014,19鄰,光春路,,,,,,255之5號,120.53993620385,22.537082851946
屏東縣潮州鎮富春里19鄰光春路257號,10013,1001302,1001302-014,19鄰,光春路,,,,,,257號,120.54000461174,22.536829003973
屏東縣潮州鎮富春里19鄰光春路259號,10013,1001302,1001302-014,19鄰,光春路,,,,,,259號,120.54001300237,22.536790645979
屏東縣潮州鎮富春里19鄰光春路261號,10013,1001302,1001302-014,19鄰,光春路,,,,,,261號,120.54001992128,22.536756347753
屏東縣潮州鎮富春里19鄰光春路263號,10013,1001302,1001302-014,19鄰,光春路,,,,,,263號,120.54002781983,22.536719794562
屏東縣潮州鎮富春里19鄰光春路265號,10013,1001302,1001302-014,19鄰,光春路,,,,,,265號,120.54004203004,22.536685517175
屏東縣潮州鎮富春里19鄰光春路267號,10013,1001302,1001302-014,19鄰,光春路,,,,,,267號,120.54005769402,22.536652598599
屏東縣潮州鎮富春里19鄰光春路293號,10013,1001302,1001302-014,19鄰,光春路,,,,,,293號,120.54074013996,22.535573169167
屏東縣潮州鎮富春里19鄰光春路293之1號,10013,1001302,1001302-014,19鄰,光春路,,,,,,293之1號,120.54106628242,22.535344710767
屏東縣潮州鎮富春里19鄰光春路293之2號,10013,1001302,1001302-014,19鄰,光春路,,,,,,293之2號,120.54102929659,22.535446024048
屏東縣潮州鎮富春里19鄰光春路293之3號,10013,1001302,1001302-014,19鄰,光春路,,,,,,293之3號,120.54229609804,22.535281383413
屏東縣潮州鎮富春里19鄰光春路295號,10013,1001302,1001302-014,19鄰,光春路,,,,,,295號,120.54086871331,22.535116474294
屏東縣潮州鎮光春里3鄰光春路405巷1號,10013,1001302,1001302-015,3鄰,光春路,,405巷,,,,1號,120.54248817245,22.530272490686
屏東縣潮州鎮光春里3鄰光春路405巷3號,10013,1001302,1001302-015,3鄰,光春路,,405巷,,,,3號,120.54253425088,22.530243270699
屏東縣潮州鎮光春里3鄰光春路405巷5號,10013,1001302,1001302-015,3鄰,光春路,,405巷,,,,5號,120.5425828375,22.530219928018
屏東縣潮州鎮光春里12鄰光春路202巷6號,10013,1001302,1001302-015,12鄰,光春路,,202巷,,,,6號,120.53845859167,22.539623028887
屏東縣潮州鎮光春里3鄰光春路405巷7號,10013,1001302,1001302-015,3鄰,光春路,,405巷,,,,7號,120.54263641915,22.530155779109
屏東縣潮州鎮光春里12鄰光春路202巷8號,10013,1001302,1001302-015,12鄰,光春路,,202巷,,,,8號,120.53841437179,22.539618386516
屏東縣潮州鎮光春里3鄰光春路405巷9號,10013,1001302,1001302-015,3鄰,光春路,,405巷,,,,9號,120.54267828762,22.53013557818
屏東縣潮州鎮光春里12鄰光春路202巷10號,10013,1001302,1001302-015,12鄰,光春路,,202巷,,,,10號,120.53837462912,22.539612221698
屏東縣潮州鎮光春里3鄰光春路405巷11號,10013,1001302,1001302-015,3鄰,光春路,,405巷,,,,11號,120.54271384616,22.530112649995
屏東縣潮州鎮光春里12鄰光春路202巷12號,10013,1001302,1001302-015,12鄰,光春路,,202巷,,,,12號,120.53831581581,22.539610698299
屏東縣潮州鎮光春里3鄰光春路405巷13號,10013,1001302,1001302-015,3鄰,光春路,,405巷,,,,13號,120.54275037979,22.530088821466
屏東縣潮州鎮光春里3鄰光春路405巷15號,10013,1001302,1001302-015,3鄰,光春路,,405巷,,,,15號,120.54278497509,22.530063181209
屏東縣潮州鎮光春里12鄰光春路202巷16號,10013,1001302,1001302-015,12鄰,光春路,,202巷,,,,16號,120.53820454751,22.53959592932
屏東縣潮州鎮光春里3鄰光春路405巷17號,10013,1001302,1001302-015,3鄰,光春路,,405巷,,,,17號,120.54284628015,22.530044841659
屏東縣潮州鎮光春里12鄰光春路202巷18號,10013,1001302,1001302-015,12鄰,光春路,,202巷,,,,18號,120.53808451897,22.539584295983
屏東縣潮州鎮光春里12鄰光春路202巷19號,10013,1001302,1001302-015,12鄰,光春路,,202巷,,,,19號,120.53814905334,22.539473399329
屏東縣潮州鎮光春里3鄰光春路405巷19號,10013,1001302,1001302-015,3鄰,光春路,,405巷,,,,19號,120.54287794418,22.530023708588
屏東縣潮州鎮光春里12鄰光春路202巷20號,10013,1001302,1001302-015,12鄰,光春路,,202巷,,,,20號,120.53798933251,22.539557381105
屏東縣潮州鎮光春里3鄰光春路405巷20號,10013,1001302,1001302-015,3鄰,光春路,,405巷,,,,20號,120.54289493396,22.529882872241
屏東縣潮州鎮光春里10鄰光春路212巷21號,10013,1001302,1001302-015,10鄰,光春路,,212巷,,,,21號,120.53847630389,22.538330646142
屏東縣潮州鎮光春里3鄰光春路405巷21號,10013,1001302,1001302-015,3鄰,光春路,,405巷,,,,21號,120.54291397534,22.530004845678
屏東縣潮州鎮光春里3鄰光春路405巷22號,10013,1001302,1001302-015,3鄰,光春路,,405巷,,,,22號,120.54293059228,22.529859131493
屏東縣潮州鎮光春里10鄰光春路212巷23號,10013,1001302,1001302-015,10鄰,光春路,,212巷,,,,23號,120.53841204032,22.53830183338
屏東縣潮州鎮光春里3鄰光春路405巷23號,10013,1001302,1001302-015,3鄰,光春路,,405巷,,,,23號,120.54294515329,22.529983711213
屏東縣潮州鎮光春里10鄰光春路212巷25號,10013,1001302,1001302-015,10鄰,光春路,,212巷,,,,25號,120.5383503065,22.53830165628
屏東縣潮州鎮光春里3鄰光春路405巷25號,10013,1001302,1001302-015,3鄰,光春路,,405巷,,,,25號,120.54297585408,22.529959866068
屏東縣潮州鎮光春里10鄰光春路212巷27號,10013,1001302,1001302-015,10鄰,光春路,,212巷,,,,27號,120.53828601317,22.538311044726
屏東縣潮州鎮光春里3鄰光春路405巷27號,10013,1001302,1001302-015,3鄰,光春路,,405巷,,,,27號,120.54300897774,22.529938285562
屏東縣潮州鎮光春里10鄰光春路212巷29號,10013,1001302,1001302-015,10鄰,光春路,,212巷,,,,29號,120.53821395826,22.538315624415
屏東縣潮州鎮光春里3鄰光春路405巷29號,10013,1001302,1001302-015,3鄰,光春路,,405巷,,,,29號,120.54306373181,22.529842711729
屏東縣潮州鎮光春里5鄰光春路460巷30號,10013,1001302,1001302-015,5鄰,光春路,,460巷,,,,30號,120.5404106722,22.525053390255
屏東縣潮州鎮光春里5鄰光春路460巷30之1號,10013,1001302,1001302-015,5鄰,光春路,,460巷,,,,30之1號,120.54166430393,22.525139417943
屏東縣潮州鎮光春里10鄰光春路212巷31號,10013,1001302,1001302-015,10鄰,光春路,,212巷,,,,31號,120.53814192738,22.538312979301
屏東縣潮州鎮光春里10鄰光春路218巷32號,10013,1001302,1001302-015,10鄰,光春路,,218巷,,,,32號,120.53856389016,22.538186942382
屏東縣潮州鎮光春里10鄰光春路212巷33號,10013,1001302,1001302-015,10鄰,光春路,,212巷,,,,33號,120.53807509655,22.538296080022
屏東縣潮州鎮光春里12鄰光春路202巷35號,10013,1001302,1001302-015,12鄰,光春路,,202巷,,,,35號,120.53790313432,22.539488046056
屏東縣潮州鎮光春里10鄰光春路212巷35號,10013,1001302,1001302-015,10鄰,光春路,,212巷,,,,35號,120.53802122767,22.538269645017
屏東縣潮州鎮光春里10鄰光春路218巷36號,10013,1001302,1001302-015,10鄰,光春路,,218巷,,,,36號,120.53849965846,22.538148556832
屏東縣潮州鎮光春里10鄰光春路212巷37號,10013,1001302,1001302-015,10鄰,光春路,,212巷,,,,37號,120.53796727751,22.538238423305
屏東縣潮州鎮光春里10鄰光春路218巷38號,10013,1001302,1001302-015,10鄰,光春路,,218巷,,,,38號,120.5384380676,22.538105392375
屏東縣潮州鎮光春里10鄰光春路218巷40號,10013,1001302,1001302-015,10鄰,光春路,,218巷,,,,40號,120.53837391758,22.538071703156
屏東縣潮州鎮光春里10鄰光春路218巷42號,10013,1001302,1001302-015,10鄰,光春路,,218巷,,,,42號,120.53831996742,22.538040481561
屏東縣潮州鎮光春里10鄰光春路218巷46號,10013,1001302,1001302-015,10鄰,光春路,,218巷,,,,46號,120.53827893141,22.538014083461
屏東縣潮州鎮光春里10鄰光春路218巷48號,10013,1001302,1001302-015,10鄰,光春路,,218巷,,,,48號,120.53822497318,22.537985300195
屏東縣潮州鎮光春里10鄰光春路218巷50號,10013,1001302,1001302-015,10鄰,光春路,,218巷,,,,50號,120.53818772092,22.537961261003
屏東縣潮州鎮光春里5鄰光春路486巷50號,10013,1001302,1001302-015,5鄰,光春路,,486巷,,,,50號,120.53987744225,22.524798726284
屏東縣潮州鎮光春里9鄰光春路220巷51號,10013,1001302,1001302-015,9鄰,光春路,,220巷,,,,51號,120.53891962623,22.538008244184
屏東縣潮州鎮光春里10鄰光春路218巷52號,10013,1001302,1001302-015,10鄰,光春路,,218巷,,,,52號,120.53814920483,22.537937218175
屏東縣潮州鎮光春里10鄰光春路218巷56號,10013,1001302,1001302-015,10鄰,光春路,,218巷,,,,56號,120.53810301631,22.537910805242
屏東縣潮州鎮光春里18鄰光春路57號,10013,1001302,1001302-015,18鄰,光春路,,,,,,57號,120.53736977389,22.543838032595
屏東縣潮州鎮光春里4鄰光春路349巷99號,10013,1001302,1001302-015,4鄰,光春路,,349巷,,,,99號,120.54872343766,22.52920744874
屏東縣潮州鎮光春里1鄰光春路481巷150號,10013,1001302,1001302-015,1鄰,光春路,,481巷,,,,150號,120.5485545932,22.529053266469
屏東縣潮州鎮光春里12鄰光春路162之1號,10013,1001302,1001302-015,12鄰,光春路,,,,,,162之1號,120.5382729035,22.540645352693
屏東縣潮州鎮光春里12鄰光春路164號,10013,1001302,1001302-015,12鄰,光春路,,,,,,164號,120.53829622383,22.540619952058
屏東縣潮州鎮光春里12鄰光春路164之1號,10013,1001302,1001302-015,12鄰,光春路,,,,,,164之1號,120.53833945898,22.540599214396
屏東縣潮州鎮光春里12鄰光春路164之2號,10013,1001302,1001302-015,12鄰,光春路,,,,,,164之2號,120.53834689764,22.540554983604
屏東縣潮州鎮光春里12鄰光春路166號,10013,1001302,1001302-015,12鄰,光春路,,,,,,166號,120.5384096485,22.540395765637
屏東縣潮州鎮光春里12鄰光春路166之1號,10013,1001302,1001302-015,12鄰,光春路,,,,,,166之1號,120.53839529973,22.540442234371
屏東縣潮州鎮光春里12鄰光春路168號,10013,1001302,1001302-015,12鄰,光春路,,,,,,168號,120.5384160879,22.540359659917
屏東縣潮州鎮光春里12鄰光春路168之1號,10013,1001302,1001302-015,12鄰,光春路,,,,,,168之1號,120.53842067351,22.540325535709
屏東縣潮州鎮光春里12鄰光春路170號,10013,1001302,1001302-015,12鄰,光春路,,,,,,170號,120.53776807636,22.540136177713
屏東縣潮州鎮光春里12鄰光春路198號,10013,1001302,1001302-015,12鄰,光春路,,,,,,198號,120.53866694183,22.539708789182
屏東縣潮州鎮光春里12鄰光春路204號,10013,1001302,1001302-015,12鄰,光春路,,,,,,204號,120.53871131385,22.539609123301
屏東縣潮州鎮光春里12鄰光春路206之5號,10013,1001302,1001302-015,12鄰,光春路,,,,,,206之5號,120.53886085009,22.539166669247
屏東縣潮州鎮光春里8鄰光春路222號,10013,1001302,1001302-015,8鄰,光春路,,,,,,222號,120.53914267638,22.538321718775
屏東縣潮州鎮光春里8鄰光春路224號,10013,1001302,1001302-015,8鄰,光春路,,,,,,224號,120.53924932849,22.538174547126
屏東縣潮州鎮光春里8鄰光春路226號,10013,1001302,1001302-015,8鄰,光春路,,,,,,226號,120.53926404462,22.538134401083
屏東縣潮州鎮光春里8鄰光春路226之1號,10013,1001302,1001302-015,8鄰,光春路,,,,,,226之1號,120.53911608625,22.538072927464
屏東縣潮州鎮光春里8鄰光春路226之2號,10013,1001302,1001302-015,8鄰,光春路,,,,,,226之2號,120.53908593345,22.538048096017
屏東縣潮州鎮光春里8鄰光春路226之3號,10013,1001302,1001302-015,8鄰,光春路,,,,,,226之3號,120.53904644199,22.538024953714
屏東縣潮州鎮光春里8鄰光春路228號,10013,1001302,1001302-015,8鄰,光春路,,,,,,228號,120.53927532812,22.538103276263
屏東縣潮州鎮光春里8鄰光春路230號,10013,1001302,1001302-015,8鄰,光春路,,,,,,230號,120.53928905557,22.538068094465
屏東縣潮州鎮光春里8鄰光春路232號,10013,1001302,1001302-015,8鄰,光春路,,,,,,232號,120.53930180933,22.538033361431
屏東縣潮州鎮光春里8鄰光春路234號,10013,1001302,1001302-015,8鄰,光春路,,,,,,234號,120.53930968868,22.538002678414
屏東縣潮州鎮光春里8鄰光春路236號,10013,1001302,1001302-015,8鄰,光春路,,,,,,236號,120.53932584507,22.537967955119
屏東縣潮州鎮光春里8鄰光春路238號,10013,1001302,1001302-015,8鄰,光春路,,,,,,238號,120.53934054018,22.537934130744
屏東縣潮州鎮光春里8鄰光春路240號,10013,1001302,1001302-015,8鄰,光春路,,,,,,240號,120.53935669206,22.53790076209
屏東縣潮州鎮光春里8鄰光春路240之1號,10013,1001302,1001302-015,8鄰,光春路,,,,,,240之1號,120.53923202271,22.537823189663
屏東縣潮州鎮光春里8鄰光春路240之2號,10013,1001302,1001302-015,8鄰,光春路,,,,,,240之2號,120.53918537352,22.537818359932
屏東縣潮州鎮光春里8鄰光春路240之3號,10013,1001302,1001302-015,8鄰,光春路,,,,,,240之3號,120.53916562251,22.537793738909
屏東縣潮州鎮光春里8鄰光春路240之4號,10013,1001302,1001302-015,8鄰,光春路,,,,,,240之4號,120.53912718463,22.537775386099
屏東縣潮州鎮光春里8鄰光春路240之5號,10013,1001302,1001302-015,8鄰,光春路,,,,,,240之5號,120.53910198102,22.537753278146
屏東縣潮州鎮光春里8鄰光春路240之6號,10013,1001302,1001302-015,8鄰,光春路,,,,,,240之6號,120.53907631262,22.537724756811
屏東縣潮州鎮光春里8鄰光春路240之7號,10013,1001302,1001302-015,8鄰,光春路,,,,,,240之7號,120.53904964207,22.537705263652
屏東縣潮州鎮光春里8鄰光春路240之8號,10013,1001302,1001302-015,8鄰,光春路,,,,,,240之8號,120.5390186012,22.537684403312
屏東縣潮州鎮光春里8鄰光春路240之9號,10013,1001302,1001302-015,8鄰,光春路,,,,,,240之9號,120.53899046489,22.537667163708
屏東縣潮州鎮光春里8鄰光春路240之10號,10013,1001302,1001302-015,8鄰,光春路,,,,,,240之10號,120.53896478004,22.537643609386
屏東縣潮州鎮光春里8鄰光春路240之11號,10013,1001302,1001302-015,8鄰,光春路,,,,,,240之11號,120.53892546516,22.53762588619
屏東縣潮州鎮光春里8鄰光春路240之12號,10013,1001302,1001302-015,8鄰,光春路,,,,,,240之12號,120.53887860206,22.537597665335
屏東縣潮州鎮光春里8鄰光春路242號,10013,1001302,1001302-015,8鄰,光春路,,,,,,242號,120.53938176883,22.537814587328
屏東縣潮州鎮光春里8鄰光春路242之1號,10013,1001302,1001302-015,8鄰,光春路,,,,,,242之1號,120.53921965255,22.537742326327
屏東縣潮州鎮光春里8鄰光春路242之2號,10013,1001302,1001302-015,8鄰,光春路,,,,,,242之2號,120.53918281452,22.537710612155
屏東縣潮州鎮光春里8鄰光春路242之3號,10013,1001302,1001302-015,8鄰,光春路,,,,,,242之3號,120.53915175864,22.537694267323
屏東縣潮州鎮光春里8鄰光春路242之4號,10013,1001302,1001302-015,8鄰,光春路,,,,,,242之4號,120.53912799714,22.537677040272
屏東縣潮州鎮光春里8鄰光春路242之5號,10013,1001302,1001302-015,8鄰,光春路,,,,,,242之5號,120.53909841154,22.53765708722
屏東縣潮州鎮光春里8鄰光春路242之7號,10013,1001302,1001302-015,8鄰,光春路,,,,,,242之7號,120.53906736917,22.537636678437
屏東縣潮州鎮光春里8鄰光春路242之8號,10013,1001302,1001302-015,8鄰,光春路,,,,,,242之8號,120.53903875877,22.537615825062
屏東縣潮州鎮光春里8鄰光春路242之9號,10013,1001302,1001302-015,8鄰,光春路,,,,,,242之9號,120.53901013788,22.537598132521
屏東縣潮州鎮光春里8鄰光春路242之10號,10013,1001302,1001302-015,8鄰,光春路,,,,,,242之10號,120.53898103691,22.537578632389
屏東縣潮州鎮光春里8鄰光春路242之11號,10013,1001302,1001302-015,8鄰,光春路,,,,,,242之11號,120.53895049866,22.537552806397
屏東縣潮州鎮光春里8鄰光春路244號,10013,1001302,1001302-015,8鄰,光春路,,,,,,244號,120.53939402297,22.537783916828
屏東縣潮州鎮光春里8鄰光春路246號,10013,1001302,1001302-015,8鄰,光春路,,,,,,246號,120.53940970221,22.537746482842
屏東縣潮州鎮光春里8鄰光春路248號,10013,1001302,1001302-015,8鄰,光春路,,,,,,248號,120.53942196532,22.53771310305
屏東縣潮州鎮光春里8鄰光春路250號,10013,1001302,1001302-015,8鄰,光春路,,,,,,250號,120.5394303382,22.537680163674
屏東縣潮州鎮光春里8鄰光春路252號,10013,1001302,1001302-015,8鄰,光春路,,,,,,252號,120.53859113848,22.536950037384
屏東縣潮州鎮光春里8鄰光春路252之1號,10013,1001302,1001302-015,8鄰,光春路,,,,,,252之1號,120.53832306132,22.53710993091
屏東縣潮州鎮光春里8鄰光春路254之1號,10013,1001302,1001302-015,8鄰,光春路,,,,,,254之1號,120.53957843585,22.537083815529
屏東縣潮州鎮光春里8鄰光春路260號,10013,1001302,1001302-015,8鄰,光春路,,,,,,260號,120.53966411893,22.53660451173
屏東縣潮州鎮光春里8鄰光春路262號,10013,1001302,1001302-015,8鄰,光春路,,,,,,262號,120.53972570316,22.53694290084
屏東縣潮州鎮光春里8鄰光春路262之2號,10013,1001302,1001302-015,8鄰,光春路,,,,,,262之2號,120.53973234732,22.536874193528
屏東縣潮州鎮光春里8鄰光春路274號,10013,1001302,1001302-015,8鄰,光春路,,,,,,274號,120.5399723793,22.535847236243
屏東縣潮州鎮光春里8鄰光春路280號,10013,1001302,1001302-015,8鄰,光春路,,,,,,280號,120.53969638159,22.535376832183
屏東縣潮州鎮光春里8鄰光春路288號,10013,1001302,1001302-015,8鄰,光春路,,,,,,288號,120.5404749251,22.534987109342
屏東縣潮州鎮光春里7鄰光春路290號,10013,1001302,1001302-015,7鄰,光春路,,,,,,290號,120.53976340097,22.534661764272
屏東縣潮州鎮光春里7鄰光春路292號,10013,1001302,1001302-015,7鄰,光春路,,,,,,292號,120.5364379679,22.534350040762
屏東縣潮州鎮光春里7鄰光春路300號,10013,1001302,1001302-015,7鄰,光春路,,,,,,300號,120.54091826652,22.533066114047
屏東縣潮州鎮光春里7鄰光春路300之1號,10013,1001302,1001302-015,7鄰,光春路,,,,,,300之1號,120.54087695482,22.533093992483
屏東縣潮州鎮光春里7鄰光春路300之2號,10013,1001302,1001302-015,7鄰,光春路,,,,,,300之2號,120.54087695482,22.533093992483
屏東縣潮州鎮光春里7鄰光春路300之3號,10013,1001302,1001302-015,7鄰,光春路,,,,,,300之3號,120.54087695064,22.533095256819
屏東縣潮州鎮光春里7鄰光春路300之4號,10013,1001302,1001302-015,7鄰,光春路,,,,,,300之4號,120.54087696258,22.53309164443
屏東縣潮州鎮光春里7鄰光春路300之5號,10013,1001302,1001302-015,7鄰,光春路,,,,,,300之5號,120.54087695482,22.533093992483
屏東縣潮州鎮光春里7鄰光春路300之6號,10013,1001302,1001302-015,7鄰,光春路,,,,,,300之6號,120.54087696258,22.53309164443
屏東縣潮州鎮光春里7鄰光春路300之7號,10013,1001302,1001302-015,7鄰,光春路,,,,,,300之7號,120.5408769587,22.533092818456
屏東縣潮州鎮光春里7鄰光春路300之8號,10013,1001302,1001302-015,7鄰,光春路,,,,,,300之8號,120.54087695482,22.533093992483
屏東縣潮州鎮光春里4鄰光春路307號,10013,1001302,1001302-015,4鄰,光春路,,,,,,307號,120.54093842258,22.53432103705
屏東縣潮州鎮光春里4鄰光春路307之1號,10013,1001302,1001302-015,4鄰,光春路,,,,,,307之1號,120.54095166015,22.534286756791
屏東縣潮州鎮光春里4鄰光春路307之2號,10013,1001302,1001302-015,4鄰,光春路,,,,,,307之2號,120.5409585781,22.534252639127
屏東縣潮州鎮光春里4鄰光春路309號,10013,1001302,1001302-015,4鄰,光春路,,,,,,309號,120.54097181327,22.534219081344
屏東縣潮州鎮光春里4鄰光春路311號,10013,1001302,1001302-015,4鄰,光春路,,,,,,311號,120.54104568831,22.534222001355
屏東縣潮州鎮光春里4鄰光春路313號,10013,1001302,1001302-015,4鄰,光春路,,,,,,313號,120.54098601701,22.534186610049
屏東縣潮州鎮光春里4鄰光春路315號,10013,1001302,1001302-015,4鄰,光春路,,,,,,315號,120.54100021925,22.534154590301
屏東縣潮州鎮光春里4鄰光春路317號,10013,1001302,1001302-015,4鄰,光春路,,,,,,317號,120.54101237399,22.534124370924
屏東縣潮州鎮光春里7鄰光春路320號,10013,1001302,1001302-015,7鄰,光春路,,,,,,320號,120.54121703998,22.532880745577
屏東縣潮州鎮光春里4鄰光春路321號,10013,1001302,1001302-015,4鄰,光春路,,,,,,321號,120.54105261615,22.534037787536
屏東縣潮州鎮光春里7鄰光春路322號,10013,1001302,1001302-015,7鄰,光春路,,,,,,322號,120.54123783895,22.53282345764
屏東縣潮州鎮光春里4鄰光春路323號,10013,1001302,1001302-015,4鄰,光春路,,,,,,323號,120.54106390189,22.534005759465
屏東縣潮州鎮光春里7鄰光春路324號,10013,1001302,1001302-015,7鄰,光春路,,,,,,324號,120.54125597373,22.532778083103
屏東縣潮州鎮光春里4鄰光春路325號,10013,1001302,1001302-015,4鄰,光春路,,,,,,325號,120.54106110181,22.533970530355
屏東縣潮州鎮光春里7鄰光春路326號,10013,1001302,1001302-015,7鄰,光春路,,,,,,326號,120.54127159642,22.532728005253
屏東縣潮州鎮光春里4鄰光春路327號,10013,1001302,1001302-015,4鄰,光春路,,,,,,327號,120.54106704068,22.533938487035
屏東縣潮州鎮光春里7鄰光春路330號,10013,1001302,1001302-015,7鄰,光春路,,,,,,330號,120.54129495453,22.532661151678
屏東縣潮州鎮光春里4鄰光春路331號,10013,1001302,1001302-015,4鄰,光春路,,,,,,331號,120.54109155197,22.533875791078
屏東縣潮州鎮光春里4鄰光春路333號,10013,1001302,1001302-015,4鄰,光春路,,,,,,333號,120.54114706031,22.533847049964
屏東縣潮州鎮光春里4鄰光春路333之1號,10013,1001302,1001302-015,4鄰,光春路,,,,,,333之1號,120.5411573858,22.533811406724
屏東縣潮州鎮光春里4鄰光春路335號,10013,1001302,1001302-015,4鄰,光春路,,,,,,335號,120.541166262,22.533773050033
屏東縣潮州鎮光春里4鄰光春路335之1號,10013,1001302,1001302-015,4鄰,光春路,,,,,,335之1號,120.54117561979,22.533736049374
屏東縣潮州鎮光春里4鄰光春路337號,10013,1001302,1001302-015,4鄰,光春路,,,,,,337號,120.54118156609,22.533701748305
屏東縣潮州鎮光春里4鄰光春路337之1號,10013,1001302,1001302-015,4鄰,光春路,,,,,,337之1號,120.54119140398,22.533666555225
屏東縣潮州鎮光春里7鄰光春路340之1號,10013,1001302,1001302-015,7鄰,光春路,,,,,,340之1號,120.5413403422,22.532547038127
屏東縣潮州鎮光春里7鄰光春路340之2號,10013,1001302,1001302-015,7鄰,光春路,,,,,,340之2號,120.54138688473,22.53246589122
屏東縣潮州鎮光春里7鄰光春路342號,10013,1001302,1001302-015,7鄰,光春路,,,,,,342號,120.54142180472,22.5324010574
屏東縣潮州鎮光春里7鄰光春路342之1號,10013,1001302,1001302-015,7鄰,光春路,,,,,,342之1號,120.54145717409,22.532376774312
屏東縣潮州鎮光春里4鄰光春路345號,10013,1001302,1001302-015,4鄰,光春路,,,,,,345號,120.5420781872,22.53332003042
屏東縣潮州鎮光春里7鄰光春路346號,10013,1001302,1001302-015,7鄰,光春路,,,,,,346號,120.54149279598,22.532305440113
屏東縣潮州鎮光春里4鄰光春路347號,10013,1001302,1001302-015,4鄰,光春路,,,,,,347號,120.54241170277,22.532297218029
屏東縣潮州鎮光春里4鄰光春路347之30號,10013,1001302,1001302-015,4鄰,光春路,,,,,,347之30號,120.54907113439,22.528679202435
屏東縣潮州鎮光春里4鄰光春路347之43號,10013,1001302,1001302-015,4鄰,光春路,,,,,,347之43號,120.55035068989,22.527705981086
屏東縣潮州鎮光春里4鄰光春路347之45號,10013,1001302,1001302-015,4鄰,光春路,,,,,,347之45號,120.55015568629,22.52716429435
屏東縣潮州鎮光春里4鄰光春路347之48號,10013,1001302,1001302-015,4鄰,光春路,,,,,,347之48號,120.55049642264,22.527582210845
屏東縣潮州鎮光春里4鄰光春路347之50號,10013,1001302,1001302-015,4鄰,光春路,,,,,,347之50號,120.55081198309,22.527819705841
屏東縣潮州鎮光春里7鄰光春路348號,10013,1001302,1001302-015,7鄰,光春路,,,,,,348號,120.54150333592,22.532234215075
屏東縣潮州鎮光春里7鄰光春路348之1號,10013,1001302,1001302-015,7鄰,光春路,,,,,,348之1號,120.5415078954,22.53217823549
屏東縣潮州鎮光春里7鄰光春路350號,10013,1001302,1001302-015,7鄰,光春路,,,,,,350號,120.54160061242,22.531921114367
屏東縣潮州鎮光春里7鄰光春路350之1號,10013,1001302,1001302-015,7鄰,光春路,,,,,,350之1號,120.54158573223,22.532011382591
屏東縣潮州鎮光春里7鄰光春路350之2號,10013,1001302,1001302-015,7鄰,光春路,,,,,,350之2號,120.5415952705,22.531978536698
屏東縣潮州鎮光春里4鄰光春路351號,10013,1001302,1001302-015,4鄰,光春路,,,,,,351號,120.54199532493,22.531649951583
屏東縣潮州鎮光春里4鄰光春路355號,10013,1001302,1001302-015,4鄰,光春路,,,,,,355號,120.54309813981,22.532829381793
屏東縣潮州鎮光春里4鄰光春路355之1號,10013,1001302,1001302-015,4鄰,光春路,,,,,,355之1號,120.54349978523,22.53272630308
屏東縣潮州鎮光春里7鄰光春路356之1號,10013,1001302,1001302-015,7鄰,光春路,,,,,,356之1號,120.54157100106,22.532056495935
屏東縣潮州鎮光春里4鄰光春路358號,10013,1001302,1001302-015,4鄰,光春路,,,,,,358號,120.5417462522,22.531534548142
屏東縣潮州鎮光春里4鄰光春路359號,10013,1001302,1001302-015,4鄰,光春路,,,,,,359號,120.54204200046,22.531528255381
屏東縣潮州鎮光春里6鄰光春路360之1號,10013,1001302,1001302-015,6鄰,光春路,,,,,,360之1號,120.54178144315,22.531475856124
屏東縣潮州鎮光春里6鄰光春路360之2號,10013,1001302,1001302-015,6鄰,光春路,,,,,,360之2號,120.54180867744,22.531412625917
屏東縣潮州鎮光春里6鄰光春路362號,10013,1001302,1001302-015,6鄰,光春路,,,,,,362號,120.54182621624,22.531341511082
屏東縣潮州鎮光春里6鄰光春路364號,10013,1001302,1001302-015,6鄰,光春路,,,,,,364號,120.5418791521,22.531178651103
屏東縣潮州鎮光春里6鄰光春路364之2號,10013,1001302,1001302-015,6鄰,光春路,,,,,,364之2號,120.54187160332,22.531227307039
屏東縣潮州鎮光春里4鄰光春路367號,10013,1001302,1001302-015,4鄰,光春路,,,,,,367號,120.54214828101,22.531284809397
屏東縣潮州鎮光春里6鄰光春路368號,10013,1001302,1001302-015,6鄰,光春路,,,,,,368號,120.54196291201,22.530954648223
屏東縣潮州鎮光春里6鄰光春路368之2號,10013,1001302,1001302-015,6鄰,光春路,,,,,,368之2號,120.54197295405,22.530916385097
屏東縣潮州鎮光春里6鄰光春路374號,10013,1001302,1001302-015,6鄰,光春路,,,,,,374號,120.54168529987,22.531003799732
屏東縣潮州鎮光春里6鄰光春路374之1號,10013,1001302,1001302-015,6鄰,光春路,,,,,,374之1號,120.54150642379,22.530856987084
屏東縣潮州鎮光春里10鄰光春路374之1號,10013,1001302,1001302-015,10鄰,光春路,,,,,,374之1號,120.54150642379,22.530856987084
屏東縣潮州鎮光春里6鄰光春路374之2號,10013,1001302,1001302-015,6鄰,光春路,,,,,,374之2號,120.54151300069,22.53092609344
屏東縣潮州鎮光春里6鄰光春路374之3號,10013,1001302,1001302-015,6鄰,光春路,,,,,,374之3號,120.54152351533,22.530980309761
屏東縣潮州鎮光春里6鄰光春路374之4號,10013,1001302,1001302-015,6鄰,光春路,,,,,,374之4號,120.54153642007,22.531046724822
屏東縣潮州鎮光春里6鄰光春路374之5號,10013,1001302,1001302-015,6鄰,光春路,,,,,,374之5號,120.54154547204,22.531102291634
屏東縣潮州鎮光春里6鄰光春路374之6號,10013,1001302,1001302-015,6鄰,光春路,,,,,,374之6號,120.5415584081,22.531159224167
屏東縣潮州鎮光春里6鄰光春路374之7號,10013,1001302,1001302-015,6鄰,光春路,,,,,,374之7號,120.54146698106,22.531172961873
屏東縣潮州鎮光春里6鄰光春路374之8號,10013,1001302,1001302-015,6鄰,光春路,,,,,,374之8號,120.54146620419,22.531113806208
屏東縣潮州鎮光春里6鄰光春路374之9號,10013,1001302,1001302-015,6鄰,光春路,,,,,,374之9號,120.54145277018,22.531060484674
屏東縣潮州鎮光春里6鄰光春路374之10號,10013,1001302,1001302-015,6鄰,光春路,,,,,,374之10號,120.54144181422,22.5309927205
屏東縣潮州鎮光春里6鄰光春路374之11號,10013,1001302,1001302-015,6鄰,光春路,,,,,,374之11號,120.54143179761,22.530934893168
屏東縣潮州鎮光春里6鄰光春路374之12號,10013,1001302,1001302-015,6鄰,光春路,,,,,,374之12號,120.5414179044,22.530873442367
屏東縣潮州鎮光春里6鄰光春路376號,10013,1001302,1001302-015,6鄰,光春路,,,,,,376號,120.54176325497,22.530800822799
屏東縣潮州鎮光春里6鄰光春路378號,10013,1001302,1001302-015,6鄰,光春路,,,,,,378號,120.5412871269,22.53102795241
屏東縣潮州鎮光春里6鄰光春路378之1號,10013,1001302,1001302-015,6鄰,光春路,,,,,,378之1號,120.5413318034,22.530893516917
屏東縣潮州鎮光春里6鄰光春路380號,10013,1001302,1001302-015,6鄰,光春路,,,,,,380號,120.54100105083,22.530961210098
屏東縣潮州鎮光春里6鄰光春路382號,10013,1001302,1001302-015,6鄰,光春路,,,,,,382號,120.5406220778,22.531000046201
屏東縣潮州鎮光春里5鄰光春路388號,10013,1001302,1001302-015,5鄰,光春路,,,,,,388號,120.5420868602,22.530689307054
屏東縣潮州鎮光春里5鄰光春路390號,10013,1001302,1001302-015,5鄰,光春路,,,,,,390號,120.54211385435,22.530610362053
屏東縣潮州鎮光春里5鄰光春路392號,10013,1001302,1001302-015,5鄰,光春路,,,,,,392號,120.54214381398,22.530516524229
屏東縣潮州鎮光春里5鄰光春路394號,10013,1001302,1001302-015,5鄰,光春路,,,,,,394號,120.54215863558,22.530443866335
屏東縣潮州鎮光春里5鄰光春路396號,10013,1001302,1001302-015,5鄰,光春路,,,,,,396號,120.54219184431,22.530396547715
屏東縣潮州鎮光春里5鄰光春路398號,10013,1001302,1001302-015,5鄰,光春路,,,,,,398號,120.54222626622,22.530276080928
屏東縣潮州鎮光春里5鄰光春路398之1號,10013,1001302,1001302-015,5鄰,光春路,,,,,,398之1號,120.54213027302,22.530053192185
屏東縣潮州鎮光春里5鄰光春路400號,10013,1001302,1001302-015,5鄰,光春路,,,,,,400號,120.54218401762,22.529939643974
屏東縣潮州鎮光春里5鄰光春路400之2號,10013,1001302,1001302-015,5鄰,光春路,,,,,,400之2號,120.54231734147,22.530073863491
屏東縣潮州鎮光春里3鄰光春路403號,10013,1001302,1001302-015,3鄰,光春路,,,,,,403號,120.54226069063,22.530715359411
屏東縣潮州鎮光春里3鄰光春路403之1號,10013,1001302,1001302-015,3鄰,光春路,,,,,,403之1號,120.54257177274,22.530982118283
屏東縣潮州鎮光春里5鄰光春路404號,10013,1001302,1001302-015,5鄰,光春路,,,,,,404號,120.54234185982,22.530008638619
屏東縣潮州鎮光春里5鄰光春路406號,10013,1001302,1001302-015,5鄰,光春路,,,,,,406號,120.54235851989,22.529968046203
屏東縣潮州鎮光春里5鄰光春路408號,10013,1001302,1001302-015,5鄰,光春路,,,,,,408號,120.54236982432,22.529930147877
屏東縣潮州鎮光春里5鄰光春路410號,10013,1001302,1001302-015,5鄰,光春路,,,,,,410號,120.54238404662,22.529891806293
屏東縣潮州鎮光春里3鄰光春路413號,10013,1001302,1001302-015,3鄰,光春路,,,,,,413號,120.54264912679,22.529986934329
屏東縣潮州鎮光春里5鄰光春路414號,10013,1001302,1001302-015,5鄰,光春路,,,,,,414號,120.54243483971,22.529818347524
屏東縣潮州鎮光春里3鄰光春路415號,10013,1001302,1001302-015,3鄰,光春路,,,,,,415號,120.54279131615,22.52990876803
屏東縣潮州鎮光春里3鄰光春路417號,10013,1001302,1001302-015,3鄰,光春路,,,,,,417號,120.54292955697,22.529553336718
屏東縣潮州鎮光春里5鄰光春路418號,10013,1001302,1001302-015,5鄰,光春路,,,,,,418號,120.54253430043,22.52943119759
屏東縣潮州鎮光春里2鄰光春路419號,10013,1001302,1001302-015,2鄰,光春路,,,,,,419號,120.54283205885,22.529344442242
屏東縣潮州鎮光春里5鄰光春路420號,10013,1001302,1001302-015,5鄰,光春路,,,,,,420號,120.54261780661,22.529313127957
屏東縣潮州鎮光春里2鄰光春路421號,10013,1001302,1001302-015,2鄰,光春路,,,,,,421號,120.54288886246,22.529157750838
屏東縣潮州鎮光春里2鄰光春路421之1號,10013,1001302,1001302-015,2鄰,光春路,,,,,,421之1號,120.5429784999,22.529155657293
屏東縣潮州鎮光春里2鄰光春路423號,10013,1001302,1001302-015,2鄰,光春路,,,,,,423號,120.54311598877,22.529087592132
屏東縣潮州鎮光春里2鄰光春路423之1號,10013,1001302,1001302-015,2鄰,光春路,,,,,,423之1號,120.54317780525,22.529061396872
屏東縣潮州鎮光春里5鄰光春路424號,10013,1001302,1001302-015,5鄰,光春路,,,,,,424號,120.54289946103,22.528359344457
屏東縣潮州鎮光春里2鄰光春路425號,10013,1001302,1001302-015,2鄰,光春路,,,,,,425號,120.54319737993,22.528962110707
屏東縣潮州鎮光春里2鄰光春路425之1號,10013,1001302,1001302-015,2鄰,光春路,,,,,,425之1號,120.54323536541,22.528940092391
屏東縣潮州鎮光春里2鄰光春路425之2號,10013,1001302,1001302-015,2鄰,光春路,,,,,,425之2號,120.54326179838,22.528913254823
屏東縣潮州鎮光春里5鄰光春路426號,10013,1001302,1001302-015,5鄰,光春路,,,,,,426號,120.54307202327,22.52809034738
屏東縣潮州鎮光春里5鄰光春路426之3號,10013,1001302,1001302-015,5鄰,光春路,,,,,,426之3號,120.54324137928,22.527317949335
屏東縣潮州鎮光春里2鄰光春路429號,10013,1001302,1001302-015,2鄰,光春路,,,,,,429號,120.54395228293,22.529985213228
屏東縣潮州鎮光春里2鄰光春路429之3號,10013,1001302,1001302-015,2鄰,光春路,,,,,,429之3號,120.5441198705,22.530047189523
屏東縣潮州鎮光春里1鄰光春路429之6號,10013,1001302,1001302-015,1鄰,光春路,,,,,,429之6號,120.54547848822,22.530862382725
屏東縣潮州鎮光春里1鄰光春路429之7號,10013,1001302,1001302-015,1鄰,光春路,,,,,,429之7號,120.54418904563,22.531066992603
屏東縣潮州鎮光春里1鄰光春路429之9號,10013,1001302,1001302-015,1鄰,光春路,,,,,,429之9號,120.54479755785,22.531438446501
屏東縣潮州鎮光春里1鄰光春路429之10號,10013,1001302,1001302-015,1鄰,光春路,,,,,,429之10號,120.54438371226,22.531528037714
屏東縣潮州鎮光春里2鄰光春路431號,10013,1001302,1001302-015,2鄰,光春路,,,,,,431號,120.5434994002,22.52890923269
屏東縣潮州鎮光春里2鄰光春路431之1號,10013,1001302,1001302-015,2鄰,光春路,,,,,,431之1號,120.54352443201,22.528983358417
屏東縣潮州鎮光春里2鄰光春路431之2號,10013,1001302,1001302-015,2鄰,光春路,,,,,,431之2號,120.54355394225,22.52902588811
屏東縣潮州鎮光春里2鄰光春路431之3號,10013,1001302,1001302-015,2鄰,光春路,,,,,,431之3號,120.54348135001,22.529077159317
屏東縣潮州鎮光春里2鄰光春路431之4號,10013,1001302,1001302-015,2鄰,光春路,,,,,,431之4號,120.54344143363,22.529095108233
屏東縣潮州鎮光春里2鄰光春路431之5號,10013,1001302,1001302-015,2鄰,光春路,,,,,,431之5號,120.54341023073,22.529123919135
屏東縣潮州鎮光春里2鄰光春路431之6號,10013,1001302,1001302-015,2鄰,光春路,,,,,,431之6號,120.54337176362,22.529144581465
屏東縣潮州鎮光春里2鄰光春路431之7號,10013,1001302,1001302-015,2鄰,光春路,,,,,,431之7號,120.54332598924,22.529170190139
屏東縣潮州鎮光春里2鄰光春路431之8號,10013,1001302,1001302-015,2鄰,光春路,,,,,,431之8號,120.54328750577,22.529195819487
屏東縣潮州鎮光春里2鄰光春路431之9號,10013,1001302,1001302-015,2鄰,光春路,,,,,,431之9號,120.54325242323,22.52922191003
屏東縣潮州鎮光春里2鄰光春路431之10號,10013,1001302,1001302-015,2鄰,光春路,,,,,,431之10號,120.54321248897,22.529245277476
屏東縣潮州鎮光春里2鄰光春路431之11號,10013,1001302,1001302-015,2鄰,光春路,,,,,,431之11號,120.54317545919,22.529272265582
屏東縣潮州鎮光春里2鄰光春路431之12號,10013,1001302,1001302-015,2鄰,光春路,,,,,,431之12號,120.54314136358,22.529293843368
屏東縣潮州鎮光春里2鄰光春路431之13號,10013,1001302,1001302-015,2鄰,光春路,,,,,,431之13號,120.54310241032,22.529314504252
屏東縣潮州鎮光春里2鄰光春路431之14號,10013,1001302,1001302-015,2鄰,光春路,,,,,,431之14號,120.54306975951,22.529340150103
屏東縣潮州鎮光春里2鄰光春路431之15號,10013,1001302,1001302-015,2鄰,光春路,,,,,,431之15號,120.54303516741,22.529364887329
屏東縣潮州鎮光春里2鄰光春路431之16號,10013,1001302,1001302-015,2鄰,光春路,,,,,,431之16號,120.54299231224,22.529389601087
屏東縣潮州鎮光春里2鄰光春路431之17號,10013,1001302,1001302-015,2鄰,光春路,,,,,,431之17號,120.54306932432,22.529472453965
屏東縣潮州鎮光春里2鄰光春路431之18號,10013,1001302,1001302-015,2鄰,光春路,,,,,,431之18號,120.54310537463,22.529447720871
屏東縣潮州鎮光春里2鄰光春路431之19號,10013,1001302,1001302-015,2鄰,光春路,,,,,,431之19號,120.54314481251,22.529427512916
屏東縣潮州鎮光春里2鄰光春路431之20號,10013,1001302,1001302-015,2鄰,光春路,,,,,,431之20號,120.54317989364,22.529401873948
屏東縣潮州鎮光春里2鄰光春路431之21號,10013,1001302,1001302-015,2鄰,光春路,,,,,,431之21號,120.54321545784,22.529377139449
屏東縣潮州鎮光春里2鄰光春路431之22號,10013,1001302,1001302-015,2鄰,光春路,,,,,,431之22號,120.54325199565,22.529351956152
屏東縣潮州鎮光春里2鄰光春路431之23號,10013,1001302,1001302-015,2鄰,光春路,,,,,,431之23號,120.54328707376,22.529327220258
屏東縣潮州鎮光春里2鄰光春路431之24號,10013,1001302,1001302-015,2鄰,光春路,,,,,,431之24號,120.54332990808,22.529308828106
屏東縣潮州鎮光春里2鄰光春路431之25號,10013,1001302,1001302-015,2鄰,光春路,,,,,,431之25號,120.54336887021,22.529285457873
屏東縣潮州鎮光春里2鄰光春路431之26號,10013,1001302,1001302-015,2鄰,光春路,,,,,,431之26號,120.54340541984,22.529256662147
屏東縣潮州鎮光春里2鄰光春路431之27號,10013,1001302,1001302-015,2鄰,光春路,,,,,,431之27號,120.54343854179,22.529235533096
屏東縣潮州鎮光春里2鄰光春路431之28號,10013,1001302,1001302-015,2鄰,光春路,,,,,,431之28號,120.54347702524,22.529209903711
屏東縣潮州鎮光春里2鄰光春路431之29號,10013,1001302,1001302-015,2鄰,光春路,,,,,,431之29號,120.54351306057,22.529189686014
屏東縣潮州鎮光春里2鄰光春路431之30號,10013,1001302,1001302-015,2鄰,光春路,,,,,,431之30號,120.54354765699,22.529163594035
屏東縣潮州鎮光春里2鄰光春路431之31號,10013,1001302,1001302-015,2鄰,光春路,,,,,,431之31號,120.54365219728,22.52915260162
屏東縣潮州鎮光春里2鄰光春路431之32號,10013,1001302,1001302-015,2鄰,光春路,,,,,,431之32號,120.54362268402,22.529110975043
屏東縣潮州鎮光春里2鄰光春路433號,10013,1001302,1001302-015,2鄰,光春路,,,,,,433號,120.54299508182,22.528843229521
屏東縣潮州鎮光春里2鄰光春路441號,10013,1001302,1001302-015,2鄰,光春路,,,,,,441號,120.54310775748,22.528457200401
屏東縣潮州鎮光春里1鄰光春路443號,10013,1001302,1001302-015,1鄰,光春路,,,,,,443號,120.54318712158,22.528386351162
屏東縣潮州鎮光春里1鄰光春路443之1號,10013,1001302,1001302-015,1鄰,光春路,,,,,,443之1號,120.54321418348,22.528434292608
屏東縣潮州鎮光春里1鄰光春路443之2號,10013,1001302,1001302-015,1鄰,光春路,,,,,,443之2號,120.54325099925,22.528472327555
屏東縣潮州鎮光春里1鄰光春路443之3號,10013,1001302,1001302-015,1鄰,光春路,,,,,,443之3號,120.54327855616,22.528517561076
屏東縣潮州鎮光春里1鄰光春路443之4號,10013,1001302,1001302-015,1鄰,光春路,,,,,,443之4號,120.54331244818,22.528557845479
屏東縣潮州鎮光春里1鄰光春路443之5號,10013,1001302,1001302-015,1鄰,光春路,,,,,,443之5號,120.54334149596,22.528593149047
屏東縣潮州鎮光春里1鄰光春路443之6號,10013,1001302,1001302-015,1鄰,光春路,,,,,,443之6號,120.54336860249,22.528627543995
屏東縣潮州鎮光春里1鄰光春路443之7號,10013,1001302,1001302-015,1鄰,光春路,,,,,,443之7號,120.54339376924,22.528660578777
屏東縣潮州鎮光春里1鄰光春路443之8號,10013,1001302,1001302-015,1鄰,光春路,,,,,,443之8號,120.54341699176,22.52869360804
屏東縣潮州鎮光春里1鄰光春路445號,10013,1001302,1001302-015,1鄰,光春路,,,,,,445號,120.5434708524,22.528721757112
屏東縣潮州鎮光春里1鄰光春路445之1號,10013,1001302,1001302-015,1鄰,光春路,,,,,,445之1號,120.54472146352,22.529324962045
屏東縣潮州鎮光春里1鄰光春路445之2號,10013,1001302,1001302-015,1鄰,光春路,,,,,,445之2號,120.54712168496,22.52764752901
屏東縣潮州鎮光春里1鄰光春路445之12號,10013,1001302,1001302-015,1鄰,光春路,,,,,,445之12號,120.54809609883,22.528945142352
屏東縣潮州鎮光春里1鄰光春路445之22號,10013,1001302,1001302-015,1鄰,光春路,,,,,,445之22號,120.54786419805,22.527944209814
屏東縣潮州鎮光春里1鄰光春路445之25號,10013,1001302,1001302-015,1鄰,光春路,,,,,,445之25號,120.5466219465,22.52769814123
屏東縣潮州鎮光春里1鄰光春路445之27號,10013,1001302,1001302-015,1鄰,光春路,,,,,,445之27號,120.54809432712,22.527457629757
屏東縣潮州鎮光春里5鄰光春路446號,10013,1001302,1001302-015,5鄰,光春路,,,,,,446號,120.54242836906,22.527650873563
屏東縣潮州鎮光春里5鄰光春路446之1號,10013,1001302,1001302-015,5鄰,光春路,,,,,,446之1號,120.54240811996,22.527512098827
屏東縣潮州鎮光春里1鄰光春路446之1號,10013,1001302,1001302-015,1鄰,光春路,,,,,,446之1號,120.54240811996,22.527512098827
屏東縣潮州鎮光春里5鄰光春路446之2號,10013,1001302,1001302-015,5鄰,光春路,,,,,,446之2號,120.54266420286,22.527622192797
屏東縣潮州鎮光春里5鄰光春路446之6號,10013,1001302,1001302-015,5鄰,光春路,,,,,,446之6號,120.54255847532,22.527757900236
屏東縣潮州鎮光春里5鄰光春路446之30號,10013,1001302,1001302-015,5鄰,光春路,,,,,,446之30號,120.5410267447,22.525803100856
屏東縣潮州鎮光春里1鄰光春路447號,10013,1001302,1001302-015,1鄰,光春路,,,,,,447號,120.54358294172,22.528543350183
屏東縣潮州鎮光春里1鄰光春路449號,10013,1001302,1001302-015,1鄰,光春路,,,,,,449號,120.54369684616,22.52843376504
屏東縣潮州鎮光春里1鄰光春路451號,10013,1001302,1001302-015,1鄰,光春路,,,,,,451號,120.54378776536,22.528248434331
屏東縣潮州鎮光春里1鄰光春路451之1號,10013,1001302,1001302-015,1鄰,光春路,,,,,,451之1號,120.54365418348,22.528163253966
屏東縣潮州鎮光春里1鄰光春路459號,10013,1001302,1001302-015,1鄰,光春路,,,,,,459號,120.54330626135,22.528074124025
屏東縣潮州鎮光春里1鄰光春路461號,10013,1001302,1001302-015,1鄰,光春路,,,,,,461號,120.54352488768,22.527927537765
屏東縣潮州鎮光春里1鄰光春路461之1號,10013,1001302,1001302-015,1鄰,光春路,,,,,,461之1號,120.543459148,22.527964469013
屏東縣潮州鎮興美里8鄰光春路531巷2之1號,10013,1001302,1001302-016,8鄰,光春路,,531巷,,,,2之1號,120.54687133361,22.519608084433
屏東縣潮州鎮興美里8鄰光春路520巷3號,10013,1001302,1001302-016,8鄰,光春路,,520巷,,,,3號,120.54359375939,22.522379675889
屏東縣潮州鎮興美里8鄰光春路520巷3之1號,10013,1001302,1001302-016,8鄰,光春路,,520巷,,,,3之1號,120.54322465916,22.521817709198
屏東縣潮州鎮興美里8鄰光春路687巷9號,10013,1001302,1001302-016,8鄰,光春路,,687巷,,,,9號,120.54853180666,22.515331292976
屏東縣潮州鎮興美里8鄰光春路525巷15號,10013,1001302,1001302-016,8鄰,光春路,,525巷,,,,15號,120.54982583068,22.522008434017
屏東縣潮州鎮興美里8鄰光春路525巷15之1號,10013,1001302,1001302-016,8鄰,光春路,,525巷,,,,15之1號,120.54975823775,22.521808658164
屏東縣潮州鎮興美里8鄰光春路525巷15之3號,10013,1001302,1001302-016,8鄰,光春路,,525巷,,,,15之3號,120.55043555094,22.521338044713
屏東縣潮州鎮興美里8鄰光春路525巷15之5號,10013,1001302,1001302-016,8鄰,光春路,,525巷,,,,15之5號,120.55006961745,22.52156162549
屏東縣潮州鎮興美里8鄰光春路520巷25號,10013,1001302,1001302-016,8鄰,光春路,,520巷,,,,25號,120.54409104183,22.521798038696
屏東縣潮州鎮興美里8鄰光春路531巷33號,10013,1001302,1001302-016,8鄰,光春路,,531巷,,,,33號,120.54822299392,22.519248200957
屏東縣潮州鎮興美里8鄰光春路531巷33之1號,10013,1001302,1001302-016,8鄰,光春路,,531巷,,,,33之1號,120.54876819871,22.519854812147
屏東縣潮州鎮興美里8鄰光春路531巷33之2號,10013,1001302,1001302-016,8鄰,光春路,,531巷,,,,33之2號,120.54862708995,22.519724188461
屏東縣潮州鎮興美里8鄰光春路531巷35號,10013,1001302,1001302-016,8鄰,光春路,,531巷,,,,35號,120.54856530412,22.519173932123
屏東縣潮州鎮興美里8鄰光春路520巷36號,10013,1001302,1001302-016,8鄰,光春路,,520巷,,,,36號,120.54224566945,22.521701950074
屏東縣潮州鎮興美里8鄰光春路520巷38號,10013,1001302,1001302-016,8鄰,光春路,,520巷,,,,38號,120.54207792365,22.52145528603
屏東縣潮州鎮興美里8鄰光春路531巷38號,10013,1001302,1001302-016,8鄰,光春路,,531巷,,,,38號,120.54764252765,22.518814795323
屏東縣潮州鎮興美里8鄰光春路531巷38之5號,10013,1001302,1001302-016,8鄰,光春路,,531巷,,,,38之5號,120.54816610922,22.518745732628
屏東縣潮州鎮興美里8鄰光春路531巷38之8號,10013,1001302,1001302-016,8鄰,光春路,,531巷,,,,38之8號,120.54920832322,22.518065091129
屏東縣潮州鎮興美里8鄰光春路531巷50之1號,10013,1001302,1001302-016,8鄰,光春路,,531巷,,,,50之1號,120.54878217856,22.51860278224
屏東縣潮州鎮興美里8鄰光春路755巷50之1號,10013,1001302,1001302-016,8鄰,光春路,,755巷,,,,50之1號,120.55348230068,22.511695631195
屏東縣潮州鎮興美里8鄰光春路531巷55之1號,10013,1001302,1001302-016,8鄰,光春路,,531巷,,,,55之1號,120.54929470213,22.518436149178
屏東縣潮州鎮興美里8鄰光春路531巷62號,10013,1001302,1001302-016,8鄰,光春路,,531巷,,,,62號,120.54903723016,22.518098568933
屏東縣潮州鎮興美里8鄰光春路686巷98之1號,10013,1001302,1001302-016,8鄰,光春路,,686巷,,,,98之1號,120.54425245473,22.517514875426
屏東縣潮州鎮興美里8鄰光春路686巷99號,10013,1001302,1001302-016,8鄰,光春路,,686巷,,,,99號,120.54458114376,22.51688001735
屏東縣潮州鎮興美里8鄰光春路686巷99之1號,10013,1001302,1001302-016,8鄰,光春路,,686巷,,,,99之1號,120.54362104713,22.517533407085
屏東縣潮州鎮興美里8鄰光春路686巷99之2號,10013,1001302,1001302-016,8鄰,光春路,,686巷,,,,99之2號,120.5437384192,22.517401073149
屏東縣潮州鎮興美里8鄰光春路686巷99之5號,10013,1001302,1001302-016,8鄰,光春路,,686巷,,,,99之5號,120.54432988343,22.517053787017
屏東縣潮州鎮興美里8鄰光春路686巷180號,10013,1001302,1001302-016,8鄰,光春路,,686巷,,,,180號,120.54228602106,22.518747277931
屏東縣潮州鎮興美里8鄰光春路686巷200號,10013,1001302,1001302-016,8鄰,光春路,,686巷,,,,200號,120.54145202874,22.519149406938
屏東縣潮州鎮興美里8鄰光春路686巷201號,10013,1001302,1001302-016,8鄰,光春路,,686巷,,,,201號,120.54098688355,22.51903582538
屏東縣潮州鎮興美里8鄰光春路686巷202號,10013,1001302,1001302-016,8鄰,光春路,,686巷,,,,202號,120.54142093258,22.519411580783
屏東縣潮州鎮興美里8鄰光春路686巷301號,10013,1001302,1001302-016,8鄰,光春路,,686巷,,,,301號,120.53941994131,22.518267231813
屏東縣潮州鎮興美里8鄰光春路481號,10013,1001302,1001302-016,8鄰,光春路,,,,,,481號,120.54356841219,22.527639750771
屏東縣潮州鎮興美里8鄰光春路533號,10013,1001302,1001302-016,8鄰,光春路,,,,,,533號,120.54659675861,22.519597828865
屏東縣潮州鎮興美里8鄰光春路570之1號,10013,1001302,1001302-016,8鄰,光春路,,,,,,570之1號,120.54605374367,22.520079913114
屏東縣潮州鎮興美里8鄰光春路575號,10013,1001302,1001302-016,8鄰,光春路,,,,,,575號,120.54685074145,22.518768497338
屏東縣潮州鎮興美里8鄰光春路614號,10013,1001302,1001302-016,8鄰,光春路,,,,,,614號,120.54664312532,22.518644458066
屏東縣潮州鎮興美里8鄰光春路616號,10013,1001302,1001302-016,8鄰,光春路,,,,,,616號,120.54687099868,22.517981495691
屏東縣潮州鎮興美里8鄰光春路616之1號,10013,1001302,1001302-016,8鄰,光春路,,,,,,616之1號,120.5468744121,22.518216584327
屏東縣潮州鎮興美里8鄰光春路616之5號,10013,1001302,1001302-016,8鄰,光春路,,,,,,616之5號,120.547485909,22.516372531366
屏東縣潮州鎮興美里8鄰光春路617號,10013,1001302,1001302-016,8鄰,光春路,,,,,,617號,120.54726462303,22.518387104989
屏東縣潮州鎮興美里8鄰光春路624號,10013,1001302,1001302-016,8鄰,光春路,,,,,,624號,120.54758747896,22.516046614017
屏東縣潮州鎮興美里8鄰光春路625號,10013,1001302,1001302-016,8鄰,光春路,,,,,,625號,120.54735395254,22.517581964301
屏東縣潮州鎮興美里8鄰光春路626號,10013,1001302,1001302-016,8鄰,光春路,,,,,,626號,120.54762077096,22.515912325018
屏東縣潮州鎮興美里8鄰光春路627號,10013,1001302,1001302-016,8鄰,光春路,,,,,,627號,120.54738245846,22.517425084226
屏東縣潮州鎮興美里8鄰光春路628號,10013,1001302,1001302-016,8鄰,光春路,,,,,,628號,120.54766686671,22.515756487683
屏東縣潮州鎮興美里8鄰光春路633號,10013,1001302,1001302-016,8鄰,光春路,,,,,,633號,120.54745384823,22.51729297952
屏東縣潮州鎮興美里8鄰光春路635號,10013,1001302,1001302-016,8鄰,光春路,,,,,,635號,120.54744773579,22.517229744767
屏東縣潮州鎮興美里8鄰光春路639號,10013,1001302,1001302-016,8鄰,光春路,,,,,,639號,120.54751302036,22.517091842979
屏東縣潮州鎮興美里8鄰光春路639之1號,10013,1001302,1001302-016,8鄰,光春路,,,,,,639之1號,120.54756530624,22.517035274693
屏東縣潮州鎮興美里8鄰光春路663號,10013,1001302,1001302-016,8鄰,光春路,,,,,,663號,120.54787144959,22.516453449066
屏東縣潮州鎮興美里8鄰光春路672號,10013,1001302,1001302-016,8鄰,光春路,,,,,,672號,120.54777542756,22.515671719765
屏東縣潮州鎮興美里8鄰光春路682號,10013,1001302,1001302-016,8鄰,光春路,,,,,,682號,120.5477996033,22.515351635712
屏東縣潮州鎮興美里8鄰光春路683號,10013,1001302,1001302-016,8鄰,光春路,,,,,,683號,120.54825831147,22.51502121135
屏東縣潮州鎮興美里8鄰光春路688號,10013,1001302,1001302-016,8鄰,光春路,,,,,,688號,120.54798013944,22.514625230513
屏東縣潮州鎮興美里8鄰光春路692號,10013,1001302,1001302-016,8鄰,光春路,,,,,,692號,120.54702597705,22.513884709893
屏東縣潮州鎮興美里8鄰光春路710號,10013,1001302,1001302-016,8鄰,光春路,,,,,,710號,120.54798553734,22.51302484684
屏東縣潮州鎮九塊里6鄰光春路711巷20號,10013,1001302,1001302-018,6鄰,光春路,,711巷,,,,20號,120.54930198952,22.511181497802
屏東縣潮州鎮九塊里6鄰光春路755巷66號,10013,1001302,1001302-018,6鄰,光春路,,755巷,,,,66號,120.55388383228,22.511879262287
