FULL_ADDR,COUNTY,TOWN,VILLAGE,NEIGHBORHOOD,ROAD,SECTION,LANE,ALLEY,SUB_ALLEY,TONG,NUMBER,X,Y
桃園市桃園區永安里7鄰永康街1號,68,6800100,6800100-011,7鄰,永康街,,,,,,1號,121.30590812928,25.001160669042
桃園市桃園區永安里8鄰永康街2號,68,6800100,6800100-011,8鄰,永康街,,,,,,2號,121.30577921731,25.001271259883
桃園市桃園區永安里7鄰永康街3號,68,6800100,6800100-011,7鄰,永康街,,,,,,3號,121.30586657273,25.001141795068
桃園市桃園區永安里8鄰永康街4號,68,6800100,6800100-011,8鄰,永康街,,,,,,4號,121.30574032867,25.001249581617
桃園市桃園區永安里7鄰永康街5號,68,6800100,6800100-011,7鄰,永康街,,,,,,5號,121.30582353398,25.001124458939
桃園市桃園區永安里8鄰永康街6號,68,6800100,6800100-011,8鄰,永康街,,,,,,6號,121.30570144674,25.001230611817
桃園市桃園區永安里16鄰永康街85巷6號,68,6800100,6800100-011,16鄰,永康街,,85巷,,,,6號,121.30394425676,24.999939554313
桃園市桃園區永安里7鄰永康街7號,68,6800100,6800100-011,7鄰,永康街,,,,,,7號,121.30578038901,25.001104233961
桃園市桃園區永安里8鄰永康街8號,68,6800100,6800100-011,8鄰,永康街,,,,,,8號,121.3056602829,25.00121029245
桃園市桃園區永安里7鄰永康街9號,68,6800100,6800100-011,7鄰,永康街,,,,,,9號,121.30573733598,25.001081119726
桃園市桃園區永安里8鄰永康街10號,68,6800100,6800100-011,8鄰,永康街,,,,,,10號,121.30561465587,25.001187905733
桃園市桃園區永安里16鄰永康街85巷10號,68,6800100,6800100-011,16鄰,永康街,,85巷,,,,10號,121.30386566222,24.999885545067
桃園市桃園區永安里7鄰永康街11號,68,6800100,6800100-011,7鄰,永康街,,,,,,11號,121.30568940696,25.001049258049
桃園市桃園區永安里8鄰永康街12號,68,6800100,6800100-011,8鄰,永康街,,,,,,12號,121.305574983,25.001169569504
桃園市桃園區永安里16鄰永康街85巷14號,68,6800100,6800100-011,16鄰,永康街,,85巷,,,,14號,121.30378292824,24.999840211401
桃園市桃園區永安里13鄰永康街16號,68,6800100,6800100-011,13鄰,永康街,,,,,,16號,121.30525047177,25.001024609297
桃園市桃園區永安里16鄰永康街85巷16號,68,6800100,6800100-011,16鄰,永康街,,85巷,,,,16號,121.303738898,24.999822244705
桃園市桃園區永安里7鄰永康街17號,68,6800100,6800100-011,7鄰,永康街,,,,,,17號,121.30533331975,25.000834935284
桃園市桃園區永安里13鄰永康街18號,68,6800100,6800100-011,13鄰,永康街,,,,,,18號,121.30519730521,25.00099799462
桃園市桃園區永安里16鄰永康街85巷18號,68,6800100,6800100-011,16鄰,永康街,,85巷,,,,18號,121.30369665475,24.999805809158
桃園市桃園區永安里7鄰永康街19號,68,6800100,6800100-011,7鄰,永康街,,,,,,19號,121.30532989254,25.000730936316
桃園市桃園區永安里13鄰永康街20號,68,6800100,6800100-011,13鄰,永康街,,,,,,20號,121.3051495959,25.000974799483
桃園市桃園區永安里16鄰永康街85巷20號,68,6800100,6800100-011,16鄰,永康街,,85巷,,,,20號,121.30365528582,24.99978232974
桃園市桃園區永安里7鄰永康街21號,68,6800100,6800100-011,7鄰,永康街,,,,,,21號,121.30526203906,25.00069424011
桃園市桃園區永安里7鄰永康街21之1號,68,6800100,6800100-011,7鄰,永康街,,,,,,21之1號,121.30526203906,25.00069424011
桃園市桃園區永安里7鄰永康街21之2號,68,6800100,6800100-011,7鄰,永康街,,,,,,21之2號,121.30526203906,25.00069424011
桃園市桃園區永安里7鄰永康街21之3號,68,6800100,6800100-011,7鄰,永康街,,,,,,21之3號,121.30526203906,25.00069424011
桃園市桃園區永安里7鄰永康街21之4號,68,6800100,6800100-011,7鄰,永康街,,,,,,21之4號,121.30526203906,25.00069424011
桃園市桃園區永安里7鄰永康街21之5號,68,6800100,6800100-011,7鄰,永康街,,,,,,21之5號,121.30526203906,25.00069424011
桃園市桃園區永安里7鄰永康街21之6號,68,6800100,6800100-011,7鄰,永康街,,,,,,21之6號,121.30526203906,25.00069424011
桃園市桃園區永安里13鄰永康街22號,68,6800100,6800100-011,13鄰,永康街,,,,,,22號,121.30511119381,25.000989594379
桃園市桃園區永安里7鄰永康街23號,68,6800100,6800100-011,7鄰,永康街,,,,,,23號,121.30515667067,25.000750702595
桃園市桃園區永安里7鄰永康街23之1號,68,6800100,6800100-011,7鄰,永康街,,,,,,23之1號,121.30515667067,25.000750702595
桃園市桃園區永安里7鄰永康街23之2號,68,6800100,6800100-011,7鄰,永康街,,,,,,23之2號,121.30515667067,25.000750702595
桃園市桃園區永安里7鄰永康街23之3號,68,6800100,6800100-011,7鄰,永康街,,,,,,23之3號,121.30515667067,25.000750702595
桃園市桃園區永安里7鄰永康街23之4號,68,6800100,6800100-011,7鄰,永康街,,,,,,23之4號,121.30515667067,25.000750702595
桃園市桃園區永安里7鄰永康街23之5號,68,6800100,6800100-011,7鄰,永康街,,,,,,23之5號,121.30515667067,25.000750702595
桃園市桃園區永安里7鄰永康街23之6號,68,6800100,6800100-011,7鄰,永康街,,,,,,23之6號,121.30515667067,25.000750702595
桃園市桃園區永安里13鄰永康街24號,68,6800100,6800100-011,13鄰,永康街,,,,,,24號,121.30508585348,25.000917961659
桃園市桃園區永安里7鄰永康街25號,68,6800100,6800100-011,7鄰,永康街,,,,,,25號,121.3051013359,25.000728606479
桃園市桃園區永安里7鄰永康街25之1號,68,6800100,6800100-011,7鄰,永康街,,,,,,25之1號,121.3051013359,25.000728606479
桃園市桃園區永安里7鄰永康街25之2號,68,6800100,6800100-011,7鄰,永康街,,,,,,25之2號,121.3051013359,25.000728606479
桃園市桃園區永安里7鄰永康街25之3號,68,6800100,6800100-011,7鄰,永康街,,,,,,25之3號,121.3051013359,25.000728606479
桃園市桃園區永安里7鄰永康街25之4號,68,6800100,6800100-011,7鄰,永康街,,,,,,25之4號,121.3051013359,25.000728606479
桃園市桃園區永安里7鄰永康街25之5號,68,6800100,6800100-011,7鄰,永康街,,,,,,25之5號,121.3051013359,25.000728606479
桃園市桃園區永安里7鄰永康街25之6號,68,6800100,6800100-011,7鄰,永康街,,,,,,25之6號,121.3051013359,25.000728606479
桃園市桃園區永安里17鄰永康街26號,68,6800100,6800100-011,17鄰,永康街,,,,,,26號,121.30495552916,25.000857919843
桃園市桃園區永安里7鄰永康街27號,68,6800100,6800100-011,7鄰,永康街,,,,,,27號,121.30510274225,25.000616110988
桃園市桃園區永安里7鄰永康街27之1號,68,6800100,6800100-011,7鄰,永康街,,,,,,27之1號,121.30510274225,25.000616110988
桃園市桃園區永安里7鄰永康街27之2號,68,6800100,6800100-011,7鄰,永康街,,,,,,27之2號,121.30510274225,25.000616110988
桃園市桃園區永安里7鄰永康街27之3號,68,6800100,6800100-011,7鄰,永康街,,,,,,27之3號,121.30510274225,25.000616110988
桃園市桃園區永安里7鄰永康街27之4號,68,6800100,6800100-011,7鄰,永康街,,,,,,27之4號,121.30510274225,25.000616110988
桃園市桃園區永安里7鄰永康街27之5號,68,6800100,6800100-011,7鄰,永康街,,,,,,27之5號,121.30510274225,25.000616110988
桃園市桃園區永安里7鄰永康街27之6號,68,6800100,6800100-011,7鄰,永康街,,,,,,27之6號,121.30510274225,25.000616110988
桃園市桃園區永安里17鄰永康街28號,68,6800100,6800100-011,17鄰,永康街,,,,,,28號,121.30489948642,25.000829956709
桃園市桃園區永安里7鄰永康街29號,68,6800100,6800100-011,7鄰,永康街,,,,,,29號,121.30505066967,25.000591119106
桃園市桃園區永安里7鄰永康街29之1號,68,6800100,6800100-011,7鄰,永康街,,,,,,29之1號,121.30505066967,25.000591119106
桃園市桃園區永安里7鄰永康街29之2號,68,6800100,6800100-011,7鄰,永康街,,,,,,29之2號,121.30505066967,25.000591119106
桃園市桃園區永安里7鄰永康街29之3號,68,6800100,6800100-011,7鄰,永康街,,,,,,29之3號,121.30505066967,25.000591119106
桃園市桃園區永安里7鄰永康街29之4號,68,6800100,6800100-011,7鄰,永康街,,,,,,29之4號,121.30505066967,25.000591119106
桃園市桃園區永安里7鄰永康街29之5號,68,6800100,6800100-011,7鄰,永康街,,,,,,29之5號,121.30505066967,25.000591119106
桃園市桃園區永安里7鄰永康街29之6號,68,6800100,6800100-011,7鄰,永康街,,,,,,29之6號,121.30505066967,25.000591119106
桃園市桃園區永安里17鄰永康街30號,68,6800100,6800100-011,17鄰,永康街,,,,,,30號,121.3048651601,25.000810255086
桃園市桃園區永安里16鄰永康街85巷31號,68,6800100,6800100-011,16鄰,永康街,,85巷,,,,31號,121.30392945779,24.999803347492
桃園市桃園區永安里7鄰永康街31號,68,6800100,6800100-011,7鄰,永康街,,,,,,31號,121.30495015916,25.000649016012
桃園市桃園區永安里7鄰永康街31之1號,68,6800100,6800100-011,7鄰,永康街,,,,,,31之1號,121.30495015916,25.000649016012
桃園市桃園區永安里7鄰永康街31之2號,68,6800100,6800100-011,7鄰,永康街,,,,,,31之2號,121.30495015916,25.000649016012
桃園市桃園區永安里7鄰永康街31之3號,68,6800100,6800100-011,7鄰,永康街,,,,,,31之3號,121.30495015916,25.000649016012
桃園市桃園區永安里7鄰永康街31之4號,68,6800100,6800100-011,7鄰,永康街,,,,,,31之4號,121.30495015916,25.000649016012
桃園市桃園區永安里7鄰永康街31之5號,68,6800100,6800100-011,7鄰,永康街,,,,,,31之5號,121.30495015916,25.000649016012
桃園市桃園區永安里7鄰永康街31之6號,68,6800100,6800100-011,7鄰,永康街,,,,,,31之6號,121.30495015916,25.000649016012
桃園市桃園區永安里16鄰永康街85巷33號,68,6800100,6800100-011,16鄰,永康街,,85巷,,,,33號,121.30387737646,24.999774563324
桃園市桃園區永安里5鄰永康街33號,68,6800100,6800100-011,5鄰,永康街,,,,,,33號,121.30488677815,25.000618088576
桃園市桃園區永安里5鄰永康街33之1號,68,6800100,6800100-011,5鄰,永康街,,,,,,33之1號,121.30488677815,25.000618088576
桃園市桃園區永安里5鄰永康街33之2號,68,6800100,6800100-011,5鄰,永康街,,,,,,33之2號,121.30488677815,25.000618088576
桃園市桃園區永安里5鄰永康街33之3號,68,6800100,6800100-011,5鄰,永康街,,,,,,33之3號,121.30488677815,25.000618088576
桃園市桃園區永安里5鄰永康街33之4號,68,6800100,6800100-011,5鄰,永康街,,,,,,33之4號,121.30488677815,25.000618088576
桃園市桃園區永安里5鄰永康街33之5號,68,6800100,6800100-011,5鄰,永康街,,,,,,33之5號,121.30488677815,25.000618088576
桃園市桃園區永安里5鄰永康街33之6號,68,6800100,6800100-011,5鄰,永康街,,,,,,33之6號,121.30488677815,25.000618088576
桃園市桃園區永安里17鄰永康街34號,68,6800100,6800100-011,17鄰,永康街,,,,,,34號,121.30476220213,25.000759636726
桃園市桃園區永安里16鄰永康街85巷35號,68,6800100,6800100-011,16鄰,永康街,,85巷,,,,35號,121.30383848684,24.999752162288
桃園市桃園區永安里5鄰永康街35號,68,6800100,6800100-011,5鄰,永康街,,,,,,35號,121.30489134394,25.000501162743
桃園市桃園區永安里5鄰永康街35之1號,68,6800100,6800100-011,5鄰,永康街,,,,,,35之1號,121.30489134394,25.000501162743
桃園市桃園區永安里5鄰永康街35之2號,68,6800100,6800100-011,5鄰,永康街,,,,,,35之2號,121.30489134394,25.000501162743
桃園市桃園區永安里5鄰永康街35之3號,68,6800100,6800100-011,5鄰,永康街,,,,,,35之3號,121.30489134394,25.000501162743
桃園市桃園區永安里5鄰永康街35之4號,68,6800100,6800100-011,5鄰,永康街,,,,,,35之4號,121.30489134394,25.000501162743
桃園市桃園區永安里5鄰永康街35之5號,68,6800100,6800100-011,5鄰,永康街,,,,,,35之5號,121.30489134394,25.000501162743
桃園市桃園區永安里5鄰永康街35之6號,68,6800100,6800100-011,5鄰,永康街,,,,,,35之6號,121.30489134394,25.000501162743
桃園市桃園區永安里17鄰永康街36號,68,6800100,6800100-011,17鄰,永康街,,,,,,36號,121.30471588885,25.000740049908
桃園市桃園區永安里17鄰永康街36之1號,68,6800100,6800100-011,17鄰,永康街,,,,,,36之1號,121.30468413523,25.00071907901
桃園市桃園區永安里17鄰永康街36之2號,68,6800100,6800100-011,17鄰,永康街,,,,,,36之2號,121.30464218408,25.000700747196
桃園市桃園區永安里16鄰永康街85巷37號,68,6800100,6800100-011,16鄰,永康街,,85巷,,,,37號,121.30380216699,24.999727318353
桃園市桃園區永安里5鄰永康街37號,68,6800100,6800100-011,5鄰,永康街,,,,,,37號,121.30483600199,25.000476087202
桃園市桃園區永安里5鄰永康街37之1號,68,6800100,6800100-011,5鄰,永康街,,,,,,37之1號,121.30483600199,25.000476087202
桃園市桃園區永安里5鄰永康街37之2號,68,6800100,6800100-011,5鄰,永康街,,,,,,37之2號,121.30483600199,25.000476087202
桃園市桃園區永安里5鄰永康街37之3號,68,6800100,6800100-011,5鄰,永康街,,,,,,37之3號,121.30483600199,25.000476087202
桃園市桃園區永安里5鄰永康街37之4號,68,6800100,6800100-011,5鄰,永康街,,,,,,37之4號,121.30483600199,25.000476087202
桃園市桃園區永安里5鄰永康街37之5號,68,6800100,6800100-011,5鄰,永康街,,,,,,37之5號,121.30483600199,25.000476087202
桃園市桃園區永安里5鄰永康街37之6號,68,6800100,6800100-011,5鄰,永康街,,,,,,37之6號,121.30483600199,25.000476087202
桃園市桃園區永安里17鄰永康街38號,68,6800100,6800100-011,17鄰,永康街,,,,,,38號,121.30459875004,25.000683682368
桃園市桃園區永安里5鄰永康街39號,68,6800100,6800100-011,5鄰,永康街,,,,,,39號,121.30473880457,25.000551762926
桃園市桃園區永安里5鄰永康街39之1號,68,6800100,6800100-011,5鄰,永康街,,,,,,39之1號,121.30473880457,25.000551762926
桃園市桃園區永安里5鄰永康街39之2號,68,6800100,6800100-011,5鄰,永康街,,,,,,39之2號,121.30473880457,25.000551762926
桃園市桃園區永安里5鄰永康街39之3號,68,6800100,6800100-011,5鄰,永康街,,,,,,39之3號,121.30473880457,25.000551762926
桃園市桃園區永安里5鄰永康街39之4號,68,6800100,6800100-011,5鄰,永康街,,,,,,39之4號,121.30473880457,25.000551762926
桃園市桃園區永安里5鄰永康街39之5號,68,6800100,6800100-011,5鄰,永康街,,,,,,39之5號,121.30473880457,25.000551762926
桃園市桃園區永安里5鄰永康街39之6號,68,6800100,6800100-011,5鄰,永康街,,,,,,39之6號,121.30473880457,25.000551762926
桃園市桃園區永安里17鄰永康街40號,68,6800100,6800100-011,17鄰,永康街,,,,,,40號,121.30456265038,25.000667956757
桃園市桃園區永安里5鄰永康街41號,68,6800100,6800100-011,5鄰,永康街,,,,,,41號,121.30468841602,25.000526677184
桃園市桃園區永安里5鄰永康街41之1號,68,6800100,6800100-011,5鄰,永康街,,,,,,41之1號,121.30468841602,25.000526677184
桃園市桃園區永安里5鄰永康街41之2號,68,6800100,6800100-011,5鄰,永康街,,,,,,41之2號,121.30468841602,25.000526677184
桃園市桃園區永安里5鄰永康街41之3號,68,6800100,6800100-011,5鄰,永康街,,,,,,41之3號,121.30468841602,25.000526677184
桃園市桃園區永安里5鄰永康街41之4號,68,6800100,6800100-011,5鄰,永康街,,,,,,41之4號,121.30468841602,25.000526677184
桃園市桃園區永安里5鄰永康街41之5號,68,6800100,6800100-011,5鄰,永康街,,,,,,41之5號,121.30468841602,25.000526677184
桃園市桃園區永安里5鄰永康街41之6號,68,6800100,6800100-011,5鄰,永康街,,,,,,41之6號,121.30468841602,25.000526677184
桃園市桃園區永安里17鄰永康街42號,68,6800100,6800100-011,17鄰,永康街,,,,,,42號,121.30451782964,25.000650985027
桃園市桃園區永安里5鄰永康街43號,68,6800100,6800100-011,5鄰,永康街,,,,,,43號,121.30464576324,25.000143422933
桃園市桃園區永安里5鄰永康街43之1號,68,6800100,6800100-011,5鄰,永康街,,,,,,43之1號,121.30464576324,25.000143422933
桃園市桃園區永安里5鄰永康街43之2號,68,6800100,6800100-011,5鄰,永康街,,,,,,43之2號,121.30464576324,25.000143422933
桃園市桃園區永安里5鄰永康街43之3號,68,6800100,6800100-011,5鄰,永康街,,,,,,43之3號,121.30464576324,25.000143422933
桃園市桃園區永安里5鄰永康街43之4號,68,6800100,6800100-011,5鄰,永康街,,,,,,43之4號,121.30464576324,25.000143422933
桃園市桃園區永安里5鄰永康街43之5號,68,6800100,6800100-011,5鄰,永康街,,,,,,43之5號,121.30464576324,25.000143422933
桃園市桃園區永安里5鄰永康街43之6號,68,6800100,6800100-011,5鄰,永康街,,,,,,43之6號,121.30464576324,25.000143422933
桃園市桃園區永安里17鄰永康街44號,68,6800100,6800100-011,17鄰,永康街,,,,,,44號,121.30447151621,25.000631307849
桃園市桃園區永安里5鄰永康街45號,68,6800100,6800100-011,5鄰,永康街,,,,,,45號,121.30521312617,25.000584827206
桃園市桃園區永安里5鄰永康街45之1號,68,6800100,6800100-011,5鄰,永康街,,,,,,45之1號,121.30521312617,25.000584827206
桃園市桃園區永安里5鄰永康街45之2號,68,6800100,6800100-011,5鄰,永康街,,,,,,45之2號,121.30521312617,25.000584827206
桃園市桃園區永安里5鄰永康街45之3號,68,6800100,6800100-011,5鄰,永康街,,,,,,45之3號,121.30521312617,25.000584827206
桃園市桃園區永安里5鄰永康街45之4號,68,6800100,6800100-011,5鄰,永康街,,,,,,45之4號,121.30521312617,25.000584827206
桃園市桃園區永安里5鄰永康街45之5號,68,6800100,6800100-011,5鄰,永康街,,,,,,45之5號,121.30521312617,25.000584827206
桃園市桃園區永安里5鄰永康街45之6號,68,6800100,6800100-011,5鄰,永康街,,,,,,45之6號,121.30521312617,25.000584827206
桃園市桃園區永安里5鄰永康街47號,68,6800100,6800100-011,5鄰,永康街,,,,,,47號,121.30499361518,25.000474319616
桃園市桃園區永安里5鄰永康街47之1號,68,6800100,6800100-011,5鄰,永康街,,,,,,47之1號,121.30499361518,25.000474319616
桃園市桃園區永安里5鄰永康街47之2號,68,6800100,6800100-011,5鄰,永康街,,,,,,47之2號,121.30499361518,25.000474319616
桃園市桃園區永安里5鄰永康街47之3號,68,6800100,6800100-011,5鄰,永康街,,,,,,47之3號,121.30499361518,25.000474319616
桃園市桃園區永安里5鄰永康街47之4號,68,6800100,6800100-011,5鄰,永康街,,,,,,47之4號,121.30499361518,25.000474319616
桃園市桃園區永安里5鄰永康街47之5號,68,6800100,6800100-011,5鄰,永康街,,,,,,47之5號,121.30499361518,25.000474319616
桃園市桃園區永安里5鄰永康街47之6號,68,6800100,6800100-011,5鄰,永康街,,,,,,47之6號,121.30499361518,25.000474319616
桃園市桃園區永安里5鄰永康街49號,68,6800100,6800100-011,5鄰,永康街,,,,,,49號,121.30480653244,25.000377016858
桃園市桃園區永安里5鄰永康街49之1號,68,6800100,6800100-011,5鄰,永康街,,,,,,49之1號,121.30480653244,25.000377016858
桃園市桃園區永安里5鄰永康街49之2號,68,6800100,6800100-011,5鄰,永康街,,,,,,49之2號,121.30480653244,25.000377016858
桃園市桃園區永安里5鄰永康街49之3號,68,6800100,6800100-011,5鄰,永康街,,,,,,49之3號,121.30480653244,25.000377016858
桃園市桃園區永安里5鄰永康街49之4號,68,6800100,6800100-011,5鄰,永康街,,,,,,49之4號,121.30480653244,25.000377016858
桃園市桃園區永安里5鄰永康街49之5號,68,6800100,6800100-011,5鄰,永康街,,,,,,49之5號,121.30480653244,25.000377016858
桃園市桃園區永安里5鄰永康街49之6號,68,6800100,6800100-011,5鄰,永康街,,,,,,49之6號,121.30480653244,25.000377016858
桃園市桃園區永安里16鄰永康街55號,68,6800100,6800100-011,16鄰,永康街,,,,,,55號,121.30425107263,25.000222325475
桃園市桃園區永安里16鄰永康街57號,68,6800100,6800100-011,16鄰,永康街,,,,,,57號,121.30425107263,25.000222325475
桃園市桃園區永安里16鄰永康街59號,68,6800100,6800100-011,16鄰,永康街,,,,,,59號,121.30425107263,25.000222325475
桃園市桃園區永安里16鄰永康街61號,68,6800100,6800100-011,16鄰,永康街,,,,,,61號,121.30426733694,24.999907475382
桃園市桃園區永安里16鄰永康街63號,68,6800100,6800100-011,16鄰,永康街,,,,,,63號,121.30423309807,25.000003606523
桃園市桃園區永安里16鄰永康街65號,68,6800100,6800100-011,16鄰,永康街,,,,,,65號,121.30415257358,24.999970547034
桃園市桃園區永安里16鄰永康街67號,68,6800100,6800100-011,16鄰,永康街,,,,,,67號,121.30419834321,24.999890191859
桃園市桃園區永安里16鄰永康街91號,68,6800100,6800100-011,16鄰,永康街,,,,,,91號,121.3040381032,25.000233233718
桃園市桃園區永安里16鄰永康街93號,68,6800100,6800100-011,16鄰,永康街,,,,,,93號,121.30400229694,25.000215882275
桃園市桃園區永安里16鄰永康街95號,68,6800100,6800100-011,16鄰,永康街,,,,,,95號,121.30395805951,25.000194304749
桃園市桃園區永安里16鄰永康街97號,68,6800100,6800100-011,16鄰,永康街,,,,,,97號,121.30391263041,25.000171555964
桃園市桃園區永安里16鄰永康街99號,68,6800100,6800100-011,16鄰,永康街,,,,,,99號,121.30387086948,25.00014988307
桃園市桃園區永安里16鄰永康街101號,68,6800100,6800100-011,16鄰,永康街,,,,,,101號,121.30382970785,25.000130195165
桃園市桃園區永安里16鄰永康街102之1號,68,6800100,6800100-011,16鄰,永康街,,,,,,102之1號,121.3031192317,24.999944307282
桃園市桃園區永安里16鄰永康街103號,68,6800100,6800100-011,16鄰,永康街,,,,,,103號,121.30378437519,25.000106362748
桃園市桃園區永安里16鄰永康街105號,68,6800100,6800100-011,16鄰,永康街,,,,,,105號,121.30374370138,25.000083604201
桃園市桃園區永安里16鄰永康街105之1號,68,6800100,6800100-011,16鄰,永康街,,,,,,105之1號,121.30370669708,25.000062463245
桃園市桃園區永安里16鄰永康街105之2號,68,6800100,6800100-011,16鄰,永康街,,,,,,105之2號,121.30366028982,25.000044772228
桃園市桃園區永安里16鄰永康街107號,68,6800100,6800100-011,16鄰,永康街,,,,,,107號,121.30362238639,25.000020563464
桃園市桃園區永安里16鄰永康街109號,68,6800100,6800100-011,16鄰,永康街,,,,,,109號,121.30358171752,24.999999791088
桃園市桃園區永安里16鄰永康街111號,68,6800100,6800100-011,16鄰,永康街,,,,,,111號,121.30353827877,24.999980649447
桃園市桃園區永安里16鄰永康街113號,68,6800100,6800100-011,16鄰,永康街,,,,,,113號,121.30349216389,24.999960971554
桃園市桃園區永安里16鄰永康街115號,68,6800100,6800100-011,16鄰,永康街,,,,,,115號,121.30344980382,24.999937313535
桃園市桃園區永安里16鄰永康街117號,68,6800100,6800100-011,16鄰,永康街,,,,,,117號,121.30340894419,24.99991952084
桃園市桃園區永安里16鄰永康街119號,68,6800100,6800100-011,16鄰,永康街,,,,,,119號,121.30336322052,24.999897765599
桃園市桃園區永安里16鄰永康街125號,68,6800100,6800100-011,16鄰,永康街,,,,,,125號,121.30309536854,24.999747358373
桃園市桃園區永安里16鄰永康街127號,68,6800100,6800100-011,16鄰,永康街,,,,,,127號,121.30301692812,24.999675201474
桃園市桃園區永安里16鄰永康街135號,68,6800100,6800100-011,16鄰,永康街,,,,,,135號,121.30294120355,24.999619741359
桃園市桃園區永安里22鄰永康街141號,68,6800100,6800100-011,22鄰,永康街,,,,,,141號,121.30279360751,24.999423586002
桃園市桃園區永安里22鄰永康街143號,68,6800100,6800100-011,22鄰,永康街,,,,,,143號,121.30265027379,24.999187787571
桃園市桃園區中興里5鄰永康街161巷1號,68,6800100,6800100-040,5鄰,永康街,,161巷,,,,1號,121.30245760346,24.998344213669
桃園市桃園區中興里7鄰永康街156巷1號,68,6800100,6800100-040,7鄰,永康街,,156巷,,,,1號,121.30204227476,24.998448702394
桃園市桃園區中興里7鄰永康街168巷2號,68,6800100,6800100-040,7鄰,永康街,,168巷,,,,2號,121.30193470222,24.998251652322
桃園市桃園區中興里6鄰永康街156巷2號,68,6800100,6800100-040,6鄰,永康街,,156巷,,,,2號,121.3020923337,24.998542133975
桃園市桃園區中興里7鄰永康街156巷3號,68,6800100,6800100-040,7鄰,永康街,,156巷,,,,3號,121.30200000728,24.998462601506
桃園市桃園區中興里5鄰永康街161巷3號,68,6800100,6800100-040,5鄰,永康街,,161巷,,,,3號,121.30249769471,24.998331673098
桃園市桃園區中興里5鄰永康街161巷4號,68,6800100,6800100-040,5鄰,永康街,,161巷,,,,4號,121.30244650715,24.998222444416
桃園市桃園區中興里7鄰永康街168巷4號,68,6800100,6800100-040,7鄰,永康街,,168巷,,,,4號,121.30189223843,24.998266274066
桃園市桃園區中興里6鄰永康街156巷4號,68,6800100,6800100-040,6鄰,永康街,,156巷,,,,4號,121.30204481724,24.99855667574
桃園市桃園區中興里7鄰永康街156巷5號,68,6800100,6800100-040,7鄰,永康街,,156巷,,,,5號,121.301963203,24.998482448198
桃園市桃園區中興里5鄰永康街161巷5號,68,6800100,6800100-040,5鄰,永康街,,161巷,,,,5號,121.30254262493,24.998312893147
桃園市桃園區中興里5鄰永康街161巷6號,68,6800100,6800100-040,5鄰,永康街,,161巷,,,,6號,121.30249555717,24.998227400541
桃園市桃園區中興里7鄰永康街168巷6號,68,6800100,6800100-040,7鄰,永康街,,168巷,,,,6號,121.30185185965,24.998282787512
桃園市桃園區中興里6鄰永康街156巷6號,68,6800100,6800100-040,6鄰,永康街,,156巷,,,,6號,121.30200672264,24.998575531948
桃園市桃園區中興里7鄰永康街156巷7號,68,6800100,6800100-040,7鄰,永康街,,156巷,,,,7號,121.30192105133,24.998503208563
桃園市桃園區中興里5鄰永康街161巷7號,68,6800100,6800100-040,5鄰,永康街,,161巷,,,,7號,121.30258160476,24.998291507076
桃園市桃園區中興里5鄰永康街161巷8號,68,6800100,6800100-040,5鄰,永康街,,161巷,,,,8號,121.30254315727,24.998206628934
桃園市桃園區中興里7鄰永康街168巷8號,68,6800100,6800100-040,7鄰,永康街,,168巷,,,,8號,121.30181040304,24.998304178417
桃園市桃園區中興里6鄰永康街156巷8號,68,6800100,6800100-040,6鄰,永康街,,156巷,,,,8號,121.30196397192,24.998594397598
桃園市桃園區中興里7鄰永康街156巷9號,68,6800100,6800100-040,7鄰,永康街,,156巷,,,,9號,121.30187662135,24.998524063822
桃園市桃園區中興里5鄰永康街161巷9號,68,6800100,6800100-040,5鄰,永康街,,161巷,,,,9號,121.3026470938,24.998293992073
桃園市桃園區中興里5鄰永康街161巷9之1號,68,6800100,6800100-040,5鄰,永康街,,161巷,,,,9之1號,121.3026470938,24.998293992073
桃園市桃園區中興里5鄰永康街161巷9之2號,68,6800100,6800100-040,5鄰,永康街,,161巷,,,,9之2號,121.3026470938,24.998293992073
桃園市桃園區中興里5鄰永康街161巷9之3號,68,6800100,6800100-040,5鄰,永康街,,161巷,,,,9之3號,121.3026470938,24.998293992073
桃園市桃園區中興里5鄰永康街161巷9之4號,68,6800100,6800100-040,5鄰,永康街,,161巷,,,,9之4號,121.3026470938,24.998293992073
桃園市桃園區中興里5鄰永康街161巷9之5號,68,6800100,6800100-040,5鄰,永康街,,161巷,,,,9之5號,121.3026470938,24.998293992073
桃園市桃園區中興里5鄰永康街161巷9之6號,68,6800100,6800100-040,5鄰,永康街,,161巷,,,,9之6號,121.3026470938,24.998293992073
桃園市桃園區中興里6鄰永康街156巷10號,68,6800100,6800100-040,6鄰,永康街,,156巷,,,,10號,121.30192280625,24.998613260019
桃園市桃園區中興里7鄰永康街168巷10號,68,6800100,6800100-040,7鄰,永康街,,168巷,,,,10號,121.30176795355,24.998324668494
桃園市桃園區中興里7鄰永康街156巷11號,68,6800100,6800100-040,7鄰,永康街,,156巷,,,,11號,121.30183337265,24.998541847049
桃園市桃園區中興里7鄰永康街168巷12號,68,6800100,6800100-040,7鄰,永康街,,168巷,,,,12號,121.30172866688,24.998342172804
桃園市桃園區中興里6鄰永康街156巷12號,68,6800100,6800100-040,6鄰,永康街,,156巷,,,,12號,121.3018816441,24.99863356695
桃園市桃園區中興里7鄰永康街156巷13號,68,6800100,6800100-040,7鄰,永康街,,156巷,,,,13號,121.30179070952,24.998556017753
桃園市桃園區中興里6鄰永康街156巷14號,68,6800100,6800100-040,6鄰,永康街,,156巷,,,,14號,121.30183879427,24.998652432765
桃園市桃園區中興里7鄰永康街156巷15號,68,6800100,6800100-040,7鄰,永康街,,156巷,,,,15號,121.30175064547,24.998579753176
桃園市桃園區中興里6鄰永康街156巷16號,68,6800100,6800100-040,6鄰,永康街,,156巷,,,,16號,121.30179445491,24.99866985706
桃園市桃園區中興里7鄰永康街156巷17號,68,6800100,6800100-040,7鄰,永康街,,156巷,,,,17號,121.30170739937,24.998598619757
桃園市桃園區中興里6鄰永康街156巷18號,68,6800100,6800100-040,6鄰,永康街,,156巷,,,,18號,121.3017580479,24.998690154311
桃園市桃園區中興里7鄰永康街156巷19號,68,6800100,6800100-040,7鄰,永康街,,156巷,,,,19號,121.30166297395,24.998621370887
桃園市桃園區中興里6鄰永康街156巷20號,68,6800100,6800100-040,6鄰,永康街,,156巷,,,,20號,121.30170419814,24.99870759787
桃園市桃園區中興里7鄰永康街156巷21號,68,6800100,6800100-040,7鄰,永康街,,156巷,,,,21號,121.30162193131,24.998650073826
桃園市桃園區中興里6鄰永康街156巷22號,68,6800100,6800100-040,6鄰,永康街,,156巷,,,,22號,121.30167084805,24.998722110785
桃園市桃園區中興里7鄰永康街156巷23號,68,6800100,6800100-040,7鄰,永康街,,156巷,,,,23號,121.30155008568,24.998600383237
桃園市桃園區中興里7鄰永康街156巷23之1號,68,6800100,6800100-040,7鄰,永康街,,156巷,,,,23之1號,121.30155008568,24.998600383237
桃園市桃園區中興里7鄰永康街156巷23之2號,68,6800100,6800100-040,7鄰,永康街,,156巷,,,,23之2號,121.30155008568,24.998600383237
桃園市桃園區中興里7鄰永康街156巷23之3號,68,6800100,6800100-040,7鄰,永康街,,156巷,,,,23之3號,121.30155008568,24.998600383237
桃園市桃園區中興里6鄰永康街156巷24號,68,6800100,6800100-040,6鄰,永康街,,156巷,,,,24號,121.30162809745,24.998741066622
桃園市桃園區中興里6鄰永康街156巷26號,68,6800100,6800100-040,6鄰,永康街,,156巷,,,,26號,121.30159168686,24.99875991931
桃園市桃園區中興里7鄰永康街156巷27號,68,6800100,6800100-040,7鄰,永康街,,156巷,,,,27號,121.30135955531,24.998630743279
桃園市桃園區中興里7鄰永康街156巷27之1號,68,6800100,6800100-040,7鄰,永康街,,156巷,,,,27之1號,121.30135955531,24.998630743279
桃園市桃園區中興里7鄰永康街156巷27之2號,68,6800100,6800100-040,7鄰,永康街,,156巷,,,,27之2號,121.30135955531,24.998630743279
桃園市桃園區中興里7鄰永康街156巷27之3號,68,6800100,6800100-040,7鄰,永康街,,156巷,,,,27之3號,121.30135955531,24.998630743279
桃園市桃園區中興里6鄰永康街156巷28號,68,6800100,6800100-040,6鄰,永康街,,156巷,,,,28號,121.3015537053,24.998784553288
桃園市桃園區中興里6鄰永康街156巷30號,68,6800100,6800100-040,6鄰,永康街,,156巷,,,,30號,121.30150609314,24.998800539604
桃園市桃園區中興里6鄰永康街156巷32號,68,6800100,6800100-040,6鄰,永康街,,156巷,,,,32號,121.30137160052,24.998735808331
桃園市桃園區中興里6鄰永康街156巷34號,68,6800100,6800100-040,6鄰,永康街,,156巷,,,,34號,121.30125135686,24.998664186572
桃園市桃園區中興里6鄰永康街156巷36號,68,6800100,6800100-040,6鄰,永康街,,156巷,,,,36號,121.30122686456,24.998736101462
桃園市桃園區中興里6鄰永康街156巷38號,68,6800100,6800100-040,6鄰,永康街,,156巷,,,,38號,121.30129642809,24.998824979665
桃園市桃園區中興里6鄰永康街156巷40號,68,6800100,6800100-040,6鄰,永康街,,156巷,,,,40號,121.30137898217,24.99887844057
桃園市桃園區中興里6鄰永康街156巷42號,68,6800100,6800100-040,6鄰,永康街,,156巷,,,,42號,121.30145903346,24.998921162819
桃園市桃園區中興里6鄰永康街146號,68,6800100,6800100-040,6鄰,永康街,,,,,,146號,121.30231776645,24.998686490022
桃園市桃園區中興里6鄰永康街146之1號,68,6800100,6800100-040,6鄰,永康街,,,,,,146之1號,121.30228781164,24.998631026827
桃園市桃園區中興里5鄰永康街147號,68,6800100,6800100-040,5鄰,永康街,,,,,,147號,121.30246060919,24.998722222608
桃園市桃園區中興里5鄰永康街149號,68,6800100,6800100-040,5鄰,永康街,,,,,,149號,121.30243801218,24.998677759014
桃園市桃園區中興里5鄰永康街151號,68,6800100,6800100-040,5鄰,永康街,,,,,,151號,121.30241830115,24.998638616249
桃園市桃園區中興里6鄰永康街152號,68,6800100,6800100-040,6鄰,永康街,,,,,,152號,121.30223672263,24.998562064108
桃園市桃園區中興里6鄰永康街154號,68,6800100,6800100-040,6鄰,永康街,,,,,,154號,121.30221756059,24.998504321896
桃園市桃園區中興里5鄰永康街155號,68,6800100,6800100-040,5鄰,永康街,,,,,,155號,121.30237413499,24.998564854505
桃園市桃園區中興里5鄰永康街157號,68,6800100,6800100-040,5鄰,永康街,,,,,,157號,121.3023584486,24.998510536002
桃園市桃園區中興里7鄰永康街158號,68,6800100,6800100-040,7鄰,永康街,,,,,,158號,121.30214819841,24.998376441443
桃園市桃園區中興里5鄰永康街159號,68,6800100,6800100-040,5鄰,永康街,,,,,,159號,121.30233585387,24.998466975217
桃園市桃園區中興里7鄰永康街160號,68,6800100,6800100-040,7鄰,永康街,,,,,,160號,121.30212211528,24.998324220538
桃園市桃園區中興里5鄰永康街161號,68,6800100,6800100-040,5鄰,永康街,,,,,,161號,121.30231028497,24.998422517642
桃園市桃園區中興里7鄰永康街162號,68,6800100,6800100-040,7鄰,永康街,,,,,,162號,121.30209923341,24.998284723035
桃園市桃園區中興里8鄰永康街163號,68,6800100,6800100-040,8鄰,永康街,,,,,,163號,121.30225928949,24.99831076058
桃園市桃園區中興里7鄰永康街164號,68,6800100,6800100-040,7鄰,永康街,,,,,,164號,121.30207963066,24.998249281606
桃園市桃園區中興里8鄰永康街165號,68,6800100,6800100-040,8鄰,永康街,,,,,,165號,121.3022342109,24.998264225485
桃園市桃園區中興里7鄰永康街166號,68,6800100,6800100-040,7鄰,永康街,,,,,,166號,121.30205902513,24.998208876644
桃園市桃園區中興里8鄰永康街167號,68,6800100,6800100-040,8鄰,永康街,,,,,,167號,121.30221767607,24.998227513879
桃園市桃園區中興里8鄰永康街169號,68,6800100,6800100-040,8鄰,永康街,,,,,,169號,121.30219825178,24.998184036914
桃園市桃園區中興里8鄰永康街171號,68,6800100,6800100-040,8鄰,永康街,,,,,,171號,121.30217201249,24.99814897011
桃園市桃園區中興里8鄰永康街173號,68,6800100,6800100-040,8鄰,永康街,,,,,,173號,121.30215486674,24.99810548851
桃園市中壢區德義里17鄰永康街16巷1號,68,6800200,6800200-069,17鄰,永康街,,16巷,,,,1號,121.23101925157,24.957543484434
桃園市中壢區德義里17鄰永康街16巷2號,68,6800200,6800200-069,17鄰,永康街,,16巷,,,,2號,121.23097499373,24.957708321125
桃園市中壢區德義里18鄰永康街3號,68,6800200,6800200-069,18鄰,永康街,,,,,,3號,121.23105685266,24.958056960722
桃園市中壢區德義里17鄰永康街16巷3號,68,6800200,6800200-069,17鄰,永康街,,16巷,,,,3號,121.23095634716,24.957534011895
桃園市中壢區德義里17鄰永康街16巷4號,68,6800200,6800200-069,17鄰,永康街,,16巷,,,,4號,121.23090159179,24.957698955126
桃園市中壢區德義里18鄰永康街5號,68,6800200,6800200-069,18鄰,永康街,,,,,,5號,121.23105060198,24.957997744206
桃園市中壢區德義里17鄰永康街16巷5號,68,6800200,6800200-069,17鄰,永康街,,16巷,,,,5號,121.23087769636,24.957524563738
桃園市中壢區德義里17鄰永康街16巷6號,68,6800200,6800200-069,17鄰,永康街,,16巷,,,,6號,121.23082817186,24.957679928745
桃園市中壢區德義里17鄰永康街16巷7號,68,6800200,6800200-069,17鄰,永康街,,16巷,,,,7號,121.23078850355,24.957491296933
桃園市中壢區德義里17鄰永康街8號,68,6800200,6800200-069,17鄰,永康街,,,,,,8號,121.23083676717,24.958040599457
桃園市中壢區德義里17鄰永康街16巷8號,68,6800200,6800200-069,17鄰,永康街,,16巷,,,,8號,121.23073119076,24.957665723872
桃園市中壢區德義里18鄰永康街9號,68,6800200,6800200-069,18鄰,永康街,,,,,,9號,121.23110383348,24.957918392393
桃園市中壢區德義里17鄰永康街22號,68,6800200,6800200-069,17鄰,永康街,,,,,,22號,121.23108507396,24.957418429458
桃園市中壢區德義里17鄰永康街24號,68,6800200,6800200-069,17鄰,永康街,,,,,,24號,121.2310802241,24.957366884893
桃園市中壢區德義里17鄰永康街26號,68,6800200,6800200-069,17鄰,永康街,,,,,,26號,121.23101719038,24.957288074569
桃園市中壢區德義里11鄰永康街27號,68,6800200,6800200-069,11鄰,永康街,,,,,,27號,121.23120625385,24.957504191647
桃園市中壢區德義里17鄰永康街28號,68,6800200,6800200-069,17鄰,永康街,,,,,,28號,121.23108476891,24.957255016129
桃園市中壢區德義里11鄰永康街29號,68,6800200,6800200-069,11鄰,永康街,,,,,,29號,121.23123136309,24.957479866309
桃園市中壢區德義里11鄰永康街31號,68,6800200,6800200-069,11鄰,永康街,,,,,,31號,121.23126262511,24.957409306075
桃園市中壢區德義里11鄰永康街33號,68,6800200,6800200-069,11鄰,永康街,,,,,,33號,121.23128350879,24.957349596013
